0.052691,0.238889,0.000005,0.000039,0.000045,0.000041,0.002709,0.000011,0.186332,0.000010,0.009853,0.000020,0.000402,0.000012,0.000166,0.000002,0.000493,0.000054,0.000202,0.000066,0.000051,0.031061,0.000010,0.420503,0.000234,0.000008,0.000012,0.000136,0.000240,0.000012,0.029577,0.000007,0.000006,0.000032,0.000002,0.013242,0.000015,0.012811
0.051200,0.038669,0.000037,0.000059,0.000022,0.000063,0.787594,0.000048,0.065315,0.002551,0.000223,0.000036,0.000204,0.000007,0.002974,0.000002,0.000764,0.000106,0.000262,0.000179,0.000053,0.002396,0.000038,0.003714,0.007075,0.000009,0.000005,0.000809,0.011075,0.000034,0.002484,0.000008,0.000247,0.000053,0.000054,0.019861,0.000039,0.001729
0.002649,0.000355,0.000001,0.000000,0.000044,0.000002,0.117009,0.000001,0.007416,0.139906,0.000007,0.000000,0.000201,0.000001,0.000171,0.000000,0.000039,0.000000,0.000030,0.000005,0.000058,0.000408,0.000005,0.000005,0.000014,0.000002,0.000001,0.000004,0.308925,0.000000,0.000344,0.000001,0.000003,0.002516,0.000085,0.419489,0.000002,0.000301
0.032737,0.030673,0.000076,0.000412,0.000042,0.000089,0.001475,0.000014,0.042385,0.000006,0.023232,0.000013,0.000452,0.000635,0.001490,0.000004,0.003494,0.000034,0.000359,0.000152,0.000021,0.818252,0.000025,0.009594,0.000062,0.000117,0.000026,0.000035,0.000310,0.000040,0.029773,0.000090,0.000025,0.000207,0.000026,0.001463,0.000016,0.002145
0.012433,0.005074,0.000008,0.000003,0.000595,0.000011,0.816239,0.000029,0.003605,0.005670,0.000175,0.000000,0.000150,0.000002,0.000217,0.000001,0.000884,0.000006,0.000019,0.000060,0.000027,0.002772,0.000013,0.000119,0.000295,0.000011,0.000011,0.000005,0.122445,0.000005,0.002556,0.000006,0.000006,0.001636,0.001313,0.021982,0.000004,0.001613
0.004896,0.000007,0.000016,0.000477,0.000007,0.002592,0.947486,0.000341,0.008977,0.000029,0.003514,0.000004,0.000004,0.000211,0.000230,0.000000,0.000021,0.000131,0.000111,0.000160,0.000320,0.001584,0.000002,0.000000,0.000623,0.000084,0.000076,0.000856,0.000001,0.000015,0.003629,0.000475,0.000004,0.022107,0.000250,0.000018,0.000724,0.000019
0.125456,0.003292,0.000003,0.000103,0.000000,0.000061,0.000178,0.000006,0.017730,0.000000,0.103560,0.000023,0.000053,0.000019,0.000473,0.000001,0.003411,0.000006,0.000032,0.002354,0.000006,0.102009,0.000019,0.632705,0.001452,0.000001,0.000018,0.000062,0.000017,0.000017,0.005336,0.000002,0.000006,0.000004,0.000002,0.000460,0.000013,0.001110
0.090596,0.000315,0.000014,0.000088,0.000051,0.000760,0.605017,0.000436,0.005025,0.000025,0.001077,0.000000,0.000078,0.000047,0.000660,0.000000,0.000012,0.000019,0.000148,0.000034,0.000158,0.011281,0.000009,0.000003,0.002859,0.000090,0.000045,0.000004,0.001518,0.000001,0.148619,0.000119,0.000000,0.021058,0.000662,0.108509,0.000082,0.000581
0.035422,0.010682,0.000015,0.000020,0.000012,0.000043,0.916174,0.000010,0.014926,0.000491,0.000102,0.000004,0.000216,0.000004,0.004294,0.000000,0.000218,0.000015,0.000021,0.000082,0.000024,0.001736,0.000013,0.000439,0.000979,0.000002,0.000000,0.000171,0.004560,0.000011,0.001992,0.000001,0.000019,0.000031,0.000014,0.006985,0.000006,0.000264
0.421345,0.000073,0.000067,0.000310,0.000052,0.000093,0.006799,0.000076,0.016383,0.000015,0.155545,0.000006,0.000882,0.004458,0.003039,0.000001,0.004805,0.000022,0.000604,0.005960,0.002802,0.026829,0.000657,0.000008,0.000663,0.000752,0.000002,0.000010,0.000012,0.000290,0.000305,0.000016,0.000005,0.345247,0.000051,0.000889,0.000880,0.000049
0.005274,0.001126,0.000014,0.000000,0.000859,0.000011,0.674338,0.000042,0.007958,0.053400,0.000002,0.000000,0.000018,0.000003,0.000162,0.000000,0.000009,0.000007,0.000012,0.000038,0.000007,0.000132,0.000056,0.000002,0.000337,0.000004,0.000001,0.000001,0.031812,0.000001,0.000225,0.000001,0.000002,0.004088,0.015557,0.204477,0.000002,0.000020
