0.005218,0.000532,0.000631,0.053416,0.008600,0.012010,0.000955,0.007789,0.020971,0.000492,0.010332,0.012149,0.000696,0.239805,0.011398,0.001621,0.004162,0.069218,0.003612,0.001232,0.012908,0.077837,0.000051,0.000184,0.043713,0.274753,0.000063,0.000377,0.000141,0.004456,0.047715,0.005023,0.000822,0.006459,0.049406,0.000021,0.005932,0.005303
0.072871,0.000436,0.000073,0.062145,0.000158,0.017249,0.063169,0.016630,0.009674,0.000015,0.024503,0.000044,0.002674,0.000200,0.028053,0.000932,0.010513,0.007162,0.001715,0.003225,0.000447,0.003584,0.000007,0.000003,0.181405,0.006417,0.000420,0.000038,0.000008,0.000035,0.002101,0.000329,0.000152,0.213401,0.265902,0.000003,0.003500,0.000809
0.088468,0.004480,0.000014,0.001456,0.020609,0.000013,0.000029,0.000856,0.035892,0.000085,0.003212,0.000267,0.000037,0.000824,0.000031,0.002000,0.005053,0.002286,0.005783,0.000015,0.034369,0.012563,0.000126,0.002385,0.022114,0.001915,0.000182,0.000173,0.000127,0.003549,0.043005,0.007917,0.000093,0.000422,0.000065,0.691608,0.001119,0.006855
0.000013,0.000038,0.000004,0.000005,0.000044,0.000001,0.001602,0.000058,0.010932,0.000177,0.000197,0.000001,0.000011,0.000001,0.000080,0.000000,0.000871,0.000187,0.000020,0.000001,0.000037,0.000008,0.000002,0.000004,0.000019,0.000008,0.000001,0.000029,0.000253,0.000272,0.963792,0.000406,0.000011,0.000029,0.000196,0.000026,0.000005,0.020657
0.086991,0.000002,0.007234,0.000212,0.000003,0.000054,0.036791,0.000019,0.001295,0.000011,0.000004,0.000000,0.116725,0.000000,0.000031,0.000000,0.000001,0.000001,0.001335,0.000000,0.000014,0.001695,0.000003,0.000000,0.000106,0.000001,0.000083,0.000017,0.000701,0.000000,0.009502,0.000037,0.000000,0.639114,0.097244,0.000610,0.000064,0.000097
0.005714,0.001111,0.000001,0.000041,0.006415,0.000001,0.000007,0.000162,0.001749,0.000010,0.000307,0.000023,0.000001,0.000014,0.000001,0.000394,0.000190,0.001322,0.000123,0.000004,0.005201,0.000057,0.000002,0.000056,0.001302,0.000060,0.000001,0.000009,0.000165,0.000276,0.003590,0.000663,0.000027,0.000100,0.000016,0.968128,0.000060,0.002696
0.000071,0.000170,0.000000,0.000004,0.000001,0.000005,0.000262,0.000427,0.001715,0.000010,0.002832,0.000001,0.000001,0.000311,0.000005,0.000000,0.002869,0.000517,0.000006,0.000011,0.000006,0.003439,0.000001,0.000002,0.000063,0.000041,0.000000,0.000003,0.000002,0.000393,0.938785,0.000812,0.000000,0.000017,0.000003,0.000027,0.000002,0.047187
0.000004,0.000002,0.000000,0.000000,0.000000,0.000000,0.000002,0.000001,0.000080,0.000000,0.000243,0.000000,0.000000,0.000004,0.000000,0.000000,0.000035,0.000005,0.000000,0.000000,0.000000,0.000125,0.000000,0.000000,0.000001,0.000003,0.000000,0.000000,0.000001,0.000002,0.986298,0.000884,0.000000,0.000016,0.000000,0.000243,0.000000,0.012050
0.015815,0.000929,0.000389,0.000129,0.004146,0.000267,0.080471,0.006405,0.202537,0.122816,0.001945,0.000024,0.000100,0.000341,0.005766,0.000005,0.000160,0.002851,0.000418,0.000341,0.000124,0.000612,0.000044,0.000060,0.000430,0.000622,0.000109,0.000026,0.418801,0.000158,0.079580,0.004180,0.000130,0.009580,0.003288,0.029682,0.000149,0.006566
0.076015,0.057188,0.000085,0.016903,0.093026,0.000967,0.000596,0.007185,0.020813,0.000773,0.001166,0.000405,0.000108,0.002274,0.000235,0.023494,0.020809,0.048225,0.001640,0.000352,0.013386,0.003009,0.000099,0.013696,0.048428,0.004588,0.000269,0.000154,0.000171,0.001518,0.111906,0.021196,0.000591,0.001500,0.002455,0.391879,0.005939,0.006955
0.025854,0.001257,0.000000,0.000010,0.001428,0.000001,0.002132,0.000932,0.011147,0.000000,0.000738,0.000000,0.000000,0.000404,0.000036,0.000015,0.005872,0.000269,0.000000,0.000025,0.000957,0.004791,0.000000,0.000001,0.091974,0.000068,0.000003,0.000003,0.000000,0.000016,0.140167,0.522365,0.000000,0.041221,0.000043,0.000084,0.000001,0.148189
0.027455,0.000962,0.000025,0.000250,0.000198,0.000242,0.001396,0.000277,0.012102,0.016690,0.039050,0.000032,0.000150,0.000038,0.000064,0.000037,0.003903,0.000920,0.000422,0.000208,0.000188,0.001636,0.000045,0.002554,0.000159,0.000068,0.000165,0.000087,0.093960,0.000134,0.055136,0.006500,0.000031,0.012503,0.000684,0.498105,0.000114,0.223509
0.598391,0.110838,0.000006,0.005892,0.005329,0.000012,0.000931,0.000285,0.000981,0.000724,0.000104,0.000090,0.000015,0.000030,0.000048,0.061581,0.037074,0.002933,0.000536,0.000214,0.002331,0.000258,0.000035,0.012200,0.014742,0.000264,0.001297,0.000262,0.000351,0.000160,0.005883,0.017513,0.001106,0.000352,0.002654,0.109832,0.001030,0.003719
0.000525,0.000081,0.000007,0.000019,0.000004,0.000032,0.001751,0.000083,0.001559,0.005684,0.030116,0.000000,0.000013,0.000013,0.000007,0.000000,0.000104,0.000353,0.000011,0.000003,0.000010,0.000082,0.000001,0.000004,0.000006,0.000013,0.000001,0.000001,0.003281,0.000006,0.869005,0.012666,0.000000,0.003505,0.000010,0.016934,0.000005,0.054102
0.000007,0.000003,0.000000,0.000000,0.000000,0.000000,0.000019,0.000003,0.000055,0.000009,0.000488,0.000000,0.000000,0.000000,0.000003,0.000000,0.000063,0.000002,0.000001,0.000000,0.000000,0.000004,0.000000,0.000000,0.000000,0.000001,0.000000,0.000000,0.000238,0.000001,0.996081,0.000053,0.000000,0.000071,0.000000,0.000048,0.000000,0.002847
0.037286,0.000256,0.001114,0.000484,0.000281,0.000220,0.009467,0.000275,0.004497,0.183101,0.004453,0.000232,0.005445,0.000975,0.001331,0.000395,0.005165,0.000057,0.000735,0.003325,0.017261,0.000137,0.020619,0.001759,0.000389,0.001106,0.089036,0.328300,0.010114,0.000068,0.042370,0.092949,0.000448,0.086968,0.040581,0.007547,0.000146,0.001106
0.026203,0.004009,0.000008,0.005181,0.005634,0.000006,0.000051,0.000066,0.000147,0.000009,0.000220,0.000019,0.000011,0.000002,0.000021,0.001695,0.000523,0.001513,0.000102,0.000017,0.003222,0.000013,0.000006,0.000224,0.004220,0.000146,0.000007,0.000169,0.013897,0.000131,0.001113,0.002112,0.000161,0.000491,0.000193,0.926573,0.000159,0.001727
0.000329,0.000062,0.000004,0.000045,0.000018,0.000007,0.000366,0.000303,0.002311,0.000007,0.012567,0.000023,0.000003,0.000312,0.000027,0.000000,0.011238,0.001020,0.000004,0.000024,0.000031,0.000363,0.000000,0.000001,0.000012,0.000209,0.000000,0.000007,0.000012,0.001433,0.940731,0.003961,0.000002,0.000034,0.000035,0.000006,0.000004,0.024488
0.026528,0.002810,0.000054,0.000032,0.000008,0.000819,0.017737,0.000333,0.070181,0.037642,0.002924,0.000001,0.000025,0.001685,0.005635,0.000001,0.000240,0.000608,0.000038,0.000904,0.000006,0.010876,0.000051,0.000062,0.002087,0.002126,0.000014,0.000059,0.001025,0.000008,0.754727,0.000649,0.000028,0.002125,0.003825,0.051550,0.000014,0.002563
0.096676,0.000021,0.000030,0.023665,0.001131,0.468936,0.000802,0.001903,0.002930,0.000001,0.000736,0.000019,0.000065,0.025789,0.000914,0.000006,0.001382,0.003697,0.000109,0.000787,0.001942,0.001897,0.000008,0.000010,0.057974,0.082136,0.000004,0.000017,0.000005,0.000000,0.137207,0.024823,0.000001,0.061690,0.001411,0.000205,0.000902,0.000167
0.063703,0.000121,0.000005,0.000136,0.000004,0.000383,0.000621,0.000114,0.003013,0.000044,0.000523,0.000005,0.000002,0.000960,0.000008,0.000004,0.012551,0.000745,0.000088,0.000061,0.000037,0.003227,0.000054,0.000015,0.000164,0.001842,0.000042,0.000002,0.000003,0.000031,0.887647,0.023255,0.000002,0.000141,0.000030,0.000125,0.000072,0.000220
0.005453,0.001340,0.000004,0.000806,0.018419,0.000034,0.000006,0.000062,0.000120,0.000003,0.000342,0.000008,0.000005,0.000005,0.000014,0.000856,0.000218,0.001161,0.000121,0.000002,0.002752,0.000015,0.000002,0.000119,0.002283,0.000324,0.000006,0.000030,0.000377,0.000183,0.003577,0.000443,0.000022,0.000114,0.000019,0.960046,0.000074,0.000635
0.388184,0.000046,0.000000,0.020960,0.000068,0.000002,0.000005,0.000002,0.000120,0.000001,0.000042,0.000000,0.000002,0.000008,0.000001,0.002649,0.003322,0.000001,0.000005,0.000007,0.001543,0.000004,0.000047,0.000014,0.001330,0.000021,0.017477,0.000557,0.000059,0.000002,0.232292,0.288005,0.000000,0.003921,0.000004,0.039205,0.000003,0.000090
0.006226,0.030389,0.000140,0.509356,0.001011,0.047159,0.000137,0.000737,0.001299,0.000149,0.002042,0.000077,0.000037,0.007762,0.000508,0.000256,0.000165,0.033319,0.000407,0.000017,0.001588,0.002913,0.000058,0.000869,0.022120,0.062783,0.000082,0.000143,0.011461,0.000213,0.189576,0.013517,0.000074,0.001308,0.000351,0.043926,0.005796,0.002031
0.005243,0.025143,0.000162,0.161608,0.000857,0.002066,0.000032,0.059338,0.030702,0.000100,0.000060,0.021009,0.000036,0.010393,0.000668,0.000852,0.000075,0.170122,0.005881,0.000015,0.024705,0.001139,0.000283,0.000683,0.000479,0.019191,0.000046,0.000169,0.000884,0.013449,0.223225,0.025877,0.000051,0.000291,0.000085,0.002062,0.189647,0.003372
0.001040,0.000066,0.000002,0.910385,0.000000,0.000049,0.000000,0.000135,0.000137,0.000000,0.000000,0.000001,0.000001,0.000112,0.000003,0.000032,0.000000,0.000017,0.000000,0.000000,0.000066,0.000001,0.000000,0.000000,0.000007,0.000010,0.000001,0.000001,0.000000,0.000011,0.086169,0.001640,0.000000,0.000010,0.000000,0.000000,0.000102,0.000001
0.036087,0.376180,0.000054,0.017289,0.000449,0.000055,0.000101,0.023095,0.116672,0.000265,0.000051,0.039780,0.000025,0.008649,0.000052,0.002572,0.001639,0.093423,0.005158,0.000029,0.008317,0.002738,0.000118,0.003740,0.001695,0.001960,0.000048,0.000141,0.000062,0.002676,0.152985,0.010810,0.000104,0.000175,0.000082,0.003636,0.069814,0.019276
0.004101,0.000151,0.000000,0.000287,0.003337,0.000002,0.000000,0.000003,0.000024,0.000000,0.000110,0.000000,0.000000,0.000000,0.000000,0.000184,0.000286,0.000041,0.000003,0.000000,0.002069,0.000001,0.000000,0.000005,0.001089,0.000011,0.000001,0.000001,0.000018,0.000007,0.008082,0.001091,0.000000,0.000124,0.000001,0.978638,0.000003,0.000329
0.000708,0.000030,0.000004,0.000050,0.912812,0.000062,0.000001,0.000183,0.000746,0.000002,0.000586,0.000011,0.000045,0.000187,0.000014,0.000150,0.000017,0.000439,0.000063,0.000005,0.005209,0.000012,0.000006,0.000022,0.000103,0.000547,0.000000,0.000049,0.000413,0.000114,0.006890,0.000274,0.000006,0.000037,0.000003,0.069990,0.000017,0.000196
0.000032,0.000051,0.000005,0.303674,0.000000,0.543860,0.000001,0.013435,0.002964,0.000001,0.000002,0.000491,0.000003,0.004792,0.000049,0.000031,0.000000,0.014037,0.000015,0.000000,0.000235,0.000028,0.000000,0.000001,0.000026,0.002754,0.000002,0.000001,0.000030,0.003511,0.072956,0.002845,0.000000,0.000082,0.000000,0.000005,0.032759,0.001321
0.000267,0.000035,0.000021,0.041692,0.014086,0.127863,0.000009,0.000176,0.000079,0.000001,0.000841,0.000003,0.000003,0.000336,0.000188,0.000019,0.000012,0.016834,0.000028,0.000004,0.024245,0.000008,0.000002,0.000012,0.034960,0.014019,0.000001,0.000022,0.000080,0.000007,0.156514,0.003470,0.000001,0.000429,0.000005,0.556605,0.005298,0.001828
0.009881,0.000092,0.000003,0.000084,0.502241,0.000683,0.000003,0.000167,0.000726,0.000000,0.007241,0.000001,0.000020,0.000312,0.000016,0.000036,0.000324,0.000283,0.000012,0.000006,0.003359,0.000233,0.000001,0.000203,0.000738,0.000388,0.000001,0.000004,0.000125,0.000024,0.173998,0.000673,0.000001,0.000181,0.000002,0.295192,0.000010,0.002735
0.003867,0.000967,0.000009,0.064791,0.000038,0.000698,0.000004,0.014987,0.211505,0.000163,0.000004,0.019394,0.000021,0.238599,0.000191,0.000279,0.000013,0.051646,0.006873,0.000004,0.008637,0.017501,0.000004,0.000069,0.000003,0.007785,0.000002,0.000007,0.000003,0.026088,0.274297,0.004573,0.000001,0.000067,0.000077,0.000001,0.044191,0.002639
0.004203,0.001746,0.000042,0.016812,0.001794,0.032428,0.001868,0.020314,0.143991,0.002837,0.025719,0.002646,0.000800,0.032953,0.002403,0.002154,0.001003,0.014417,0.006319,0.001051,0.003587,0.010340,0.001572,0.002689,0.001547,0.110021,0.000102,0.000437,0.000272,0.000791,0.311003,0.116741,0.000433,0.003586,0.004670,0.001302,0.014732,0.100679
