0.024798,0.000422,0.000440,0.004070,0.000018,0.003146,0.001817,0.000980,0.179432,0.000189,0.097360,0.000226,0.008080,0.001898,0.021130,0.000043,0.044661,0.000251,0.000094,0.032505,0.000072,0.002792,0.021869,0.000067,0.001767,0.003835,0.000006,0.000574,0.000074,0.002312,0.528894,0.002571,0.000095,0.004828,0.003256,0.000023,0.000208,0.005202
0.000029,0.000021,0.000002,0.000002,0.000095,0.000017,0.008923,0.000035,0.004386,0.000534,0.000169,0.000009,0.000006,0.000005,0.000538,0.000000,0.003502,0.000068,0.000019,0.000013,0.001472,0.000003,0.000020,0.000046,0.000010,0.000005,0.000000,0.000237,0.000434,0.002879,0.974143,0.000549,0.000026,0.000049,0.000177,0.000372,0.000002,0.001206
0.000497,0.003131,0.000001,0.000047,0.000024,0.000032,0.010592,0.001276,0.001461,0.000022,0.005865,0.000031,0.000001,0.001331,0.000011,0.000001,0.039022,0.010252,0.000001,0.001368,0.000317,0.024259,0.000002,0.000011,0.000487,0.000083,0.000000,0.000027,0.000014,0.061526,0.685219,0.000423,0.000001,0.000471,0.000020,0.000011,0.000009,0.152156
0.866444,0.000367,0.000013,0.001045,0.000013,0.000644,0.004696,0.000205,0.027581,0.000006,0.000275,0.000002,0.000080,0.000020,0.000426,0.000030,0.001237,0.000015,0.000044,0.000387,0.000007,0.016675,0.000029,0.000009,0.007877,0.000018,0.000267,0.000003,0.000009,0.000030,0.005953,0.000935,0.000010,0.048623,0.014327,0.000030,0.000056,0.001614
0.000051,0.000033,0.000002,0.000003,0.000043,0.000008,0.000734,0.000011,0.000983,0.000120,0.013096,0.000001,0.000079,0.000035,0.000063,0.000000,0.003719,0.000144,0.000007,0.000021,0.000078,0.000088,0.000015,0.000017,0.000001,0.000012,0.000000,0.000027,0.000095,0.000331,0.965979,0.000824,0.000001,0.000046,0.000005,0.000115,0.000002,0.013212
0.007693,0.000671,0.000051,0.014703,0.000506,0.019090,0.003138,0.010770,0.232988,0.000676,0.086044,0.003293,0.001257,0.015986,0.001443,0.000860,0.003523,0.003185,0.000528,0.000644,0.005320,0.034098,0.002981,0.000561,0.010035,0.132760,0.000077,0.000663,0.001622,0.010056,0.251342,0.037684,0.000082,0.020163,0.001046,0.000980,0.004883,0.078599
0.001863,0.000066,0.000031,0.000005,0.004421,0.000654,0.047983,0.001150,0.036828,0.589057,0.006050,0.000020,0.000165,0.000358,0.032095,0.000009,0.003043,0.000609,0.000209,0.000670,0.003417,0.000110,0.001148,0.000228,0.000350,0.000086,0.000029,0.000249,0.021037,0.001264,0.109616,0.056816,0.000283,0.019339,0.009768,0.049320,0.000034,0.001620
0.041694,0.000134,0.000109,0.000030,0.000730,0.000257,0.000926,0.000054,0.013523,0.033304,0.063965,0.000026,0.036393,0.009239,0.017148,0.000010,0.000598,0.000008,0.030823,0.000099,0.009687,0.084966,0.006384,0.000137,0.000067,0.000708,0.232574,0.000540,0.001059,0.000424,0.061014,0.002109,0.000142,0.318851,0.002070,0.028834,0.001183,0.000182
0.004582,0.013586,0.000029,0.000880,0.003451,0.001369,0.004677,0.002889,0.016392,0.033871,0.011366,0.001952,0.000914,0.001899,0.006306,0.004669,0.048542,0.002911,0.010946,0.003601,0.002872,0.019552,0.001819,0.030990,0.003060,0.002675,0.000077,0.000243,0.000219,0.016759,0.673838,0.022241,0.004909,0.004260,0.000503,0.000598,0.001140,0.039411
0.000849,0.000097,0.000012,0.000265,0.000326,0.000077,0.002033,0.002109,0.016782,0.000088,0.201370,0.000106,0.000098,0.000632,0.000128,0.000026,0.058470,0.004601,0.000124,0.001611,0.000735,0.000596,0.000032,0.000095,0.000046,0.000099,0.000004,0.000164,0.000247,0.005246,0.452464,0.009232,0.000011,0.000202,0.000055,0.000158,0.000073,0.240741
0.000003,0.000001,0.000000,0.000001,0.000004,0.000000,0.000085,0.000080,0.000559,0.000200,0.013732,0.000000,0.000000,0.000022,0.000001,0.000000,0.000194,0.000291,0.000003,0.000001,0.000002,0.000005,0.000000,0.000000,0.000000,0.000010,0.000000,0.000000,0.000002,0.000020,0.948513,0.030737,0.000000,0.000055,0.000000,0.000052,0.000000,0.005424
0.000005,0.000004,0.000000,0.000001,0.000002,0.000002,0.000063,0.000114,0.014029,0.000001,0.009773,0.000010,0.000001,0.000118,0.000048,0.000000,0.001514,0.000078,0.000001,0.000005,0.000006,0.000024,0.000000,0.000000,0.000001,0.000011,0.000000,0.000007,0.000000,0.001849,0.968346,0.001416,0.000000,0.000001,0.000001,0.000000,0.000000,0.002568
0.000366,0.000041,0.000000,0.000000,0.000000,0.000000,0.000070,0.000002,0.001434,0.000014,0.003282,0.000000,0.000001,0.000018,0.000000,0.000000,0.000235,0.000011,0.000044,0.000000,0.000014,0.003025,0.000004,0.000853,0.000279,0.000029,0.000166,0.000003,0.000001,0.000001,0.777240,0.017412,0.000000,0.000140,0.000000,0.180206,0.000001,0.015106
0.000044,0.000000,0.000000,0.000021,0.000004,0.002636,0.000003,0.000009,0.000095,0.000000,0.000009,0.000005,0.000000,0.000220,0.000009,0.000001,0.000007,0.000149,0.000033,0.000008,0.000165,0.000002,0.000002,0.000001,0.000014,0.000344,0.000000,0.000010,0.000000,0.000001,0.994496,0.000856,0.000000,0.000004,0.000001,0.000014,0.000826,0.000011
0.000590,0.000006,0.000000,0.000003,0.000001,0.000075,0.000231,0.000006,0.000884,0.000005,0.000254,0.000000,0.000003,0.000177,0.000006,0.000000,0.012980,0.000104,0.000010,0.000061,0.000005,0.000119,0.000032,0.000003,0.000011,0.000083,0.000003,0.000002,0.000000,0.000028,0.974647,0.009509,0.000000,0.000063,0.000002,0.000025,0.000004,0.000064
0.000131,0.000004,0.000000,0.324824,0.000000,0.000021,0.000000,0.000009,0.000150,0.000000,0.000000,0.000003,0.000000,0.000036,0.000001,0.006106,0.000048,0.000001,0.000001,0.000075,0.000950,0.000001,0.000001,0.000000,0.000017,0.000008,0.000000,0.000015,0.000000,0.000121,0.583293,0.084131,0.000000,0.000011,0.000015,0.000000,0.000010,0.000016
0.009699,0.000162,0.000018,0.000013,0.000184,0.000157,0.004160,0.000373,0.047383,0.362834,0.006062,0.000004,0.000060,0.000018,0.000259,0.000005,0.000437,0.000553,0.000538,0.000052,0.000243,0.000164,0.000119,0.000380,0.000111,0.000049,0.000107,0.000016,0.140784,0.000052,0.222422,0.005125,0.000066,0.016199,0.001177,0.104827,0.000046,0.075138
0.000520,0.000008,0.000001,0.902462,0.000000,0.000016,0.000000,0.000123,0.000088,0.000000,0.000000,0.000006,0.000005,0.000338,0.000001,0.001411,0.000003,0.000009,0.000000,0.000009,0.000307,0.000002,0.000002,0.000000,0.000002,0.000013,0.000001,0.000026,0.000000,0.000086,0.092424,0.002047,0.000000,0.000016,0.000001,0.000000,0.000062,0.000010
0.067269,0.000007,0.000273,0.004745,0.000074,0.000070,0.000180,0.000002,0.006632,0.021785,0.010459,0.000002,0.009568,0.034969,0.000147,0.000105,0.004017,0.000006,0.000134,0.000176,0.002879,0.000922,0.015368,0.000018,0.000105,0.004186,0.010497,0.055717,0.000231,0.000028,0.257022,0.471076,0.000005,0.018855,0.000027,0.001958,0.000016,0.000467
0.047407,0.000641,0.000237,0.000754,0.000010,0.001309,0.003231,0.000030,0.072499,0.016267,0.044604,0.000008,0.003361,0.008127,0.001759,0.000014,0.001515,0.000079,0.000409,0.000560,0.000115,0.012489,0.000226,0.000890,0.000241,0.002028,0.007060,0.004932,0.000792,0.000016,0.637343,0.041763,0.000048,0.019669,0.001276,0.060731,0.000107,0.007454
0.000053,0.000428,0.000005,0.514137,0.000000,0.003474,0.000001,0.042784,0.035361,0.000002,0.000010,0.021515,0.000040,0.037796,0.000022,0.000506,0.000001,0.023588,0.000015,0.000001,0.015446,0.002167,0.000000,0.000001,0.000022,0.024559,0.000001,0.000004,0.000044,0.133272,0.125024,0.000232,0.000000,0.000064,0.000000,0.000004,0.018387,0.001035
0.000003,0.000000,0.000001,0.187714,0.002981,0.523957,0.000000,0.002216,0.000210,0.000000,0.000017,0.000025,0.000000,0.000020,0.000006,0.000003,0.000000,0.029843,0.000010,0.000000,0.032622,0.000000,0.000000,0.000000,0.000304,0.174238,0.000000,0.000000,0.000023,0.000018,0.038939,0.001078,0.000000,0.000003,0.000000,0.003643,0.002111,0.000013
0.008102,0.000183,0.000000,0.000152,0.000008,0.000000,0.000001,0.000002,0.000202,0.000011,0.000017,0.000000,0.000000,0.000001,0.000000,0.000532,0.006233,0.000005,0.000025,0.000001,0.000224,0.000019,0.000009,0.000023,0.093815,0.000001,0.028447,0.000053,0.000002,0.000002,0.001781,0.058205,0.000000,0.008366,0.000001,0.792768,0.000039,0.000766
0.006601,0.000007,0.000061,0.667189,0.000093,0.000594,0.000627,0.028951,0.000043,0.000000,0.000141,0.000011,0.000000,0.000029,0.000011,0.000001,0.000012,0.022569,0.000013,0.000000,0.001051,0.000021,0.000000,0.000001,0.229942,0.006270,0.000000,0.000001,0.000053,0.000000,0.001124,0.025913,0.000000,0.001759,0.000017,0.000089,0.000942,0.005863
0.056807,0.000007,0.000008,0.004024,0.916444,0.000516,0.000002,0.000045,0.002189,0.000000,0.001547,0.000002,0.000800,0.002428,0.000106,0.000172,0.002126,0.000051,0.000015,0.000140,0.000569,0.000513,0.000015,0.000033,0.000959,0.001489,0.000002,0.000013,0.000012,0.000005,0.003908,0.001091,0.000002,0.003281,0.000119,0.000479,0.000006,0.000077
0.036711,0.002313,0.000010,0.167889,0.000209,0.001546,0.000012,0.043425,0.184005,0.000040,0.000323,0.001859,0.000068,0.152001,0.000228,0.000699,0.000162,0.046299,0.000228,0.000068,0.026832,0.193856,0.000004,0.000032,0.000523,0.036670,0.000010,0.000009,0.000002,0.015933,0.076078,0.001599,0.000001,0.000492,0.000179,0.000005,0.009099,0.000584
0.001220,0.000034,0.000000,0.000017,0.000800,0.000013,0.000000,0.000008,0.000097,0.000000,0.000443,0.000000,0.000000,0.000001,0.000000,0.000003,0.000013,0.000022,0.000001,0.000000,0.000084,0.000008,0.000000,0.000007,0.000377,0.000014,0.000001,0.000001,0.000139,0.000001,0.002487,0.000119,0.000000,0.000262,0.000000,0.992330,0.000004,0.001494
0.183837,0.007260,0.000001,0.000397,0.000940,0.000001,0.000518,0.000355,0.000295,0.000001,0.007650,0.000000,0.000003,0.000002,0.000000,0.000009,0.000214,0.001374,0.000002,0.000004,0.007007,0.000072,0.000001,0.000002,0.018662,0.000131,0.000002,0.000004,0.002648,0.000014,0.007787,0.001052,0.000000,0.015922,0.000015,0.723262,0.000002,0.020553
0.000017,0.000014,0.000002,0.271618,0.000000,0.089510,0.000002,0.005588,0.001543,0.000010,0.000015,0.003244,0.000000,0.000495,0.000007,0.000055,0.000000,0.057481,0.000047,0.000001,0.008031,0.000040,0.000006,0.000009,0.000017,0.003039,0.000005,0.000003,0.000011,0.000396,0.034914,0.076019,0.000000,0.000266,0.000006,0.000001,0.435783,0.011806
0.004990,0.004794,0.000034,0.139618,0.010580,0.104376,0.000043,0.014461,0.057609,0.000021,0.001817,0.005384,0.000027,0.025942,0.000481,0.001375,0.002175,0.058896,0.000125,0.000261,0.012969,0.026649,0.000172,0.005219,0.016187,0.018498,0.000064,0.000132,0.000238,0.004479,0.373878,0.039340,0.000034,0.001390,0.000235,0.008209,0.032183,0.027114
0.000396,0.000024,0.000019,0.527670,0.118418,0.077638,0.000011,0.006441,0.004569,0.000000,0.000470,0.000228,0.000020,0.002050,0.000107,0.000228,0.000011,0.034420,0.000015,0.000025,0.014546,0.000180,0.000011,0.000031,0.004061,0.110075,0.000001,0.000019,0.003428,0.000302,0.034064,0.006446,0.000002,0.002028,0.000069,0.047758,0.003175,0.001045
0.001217,0.000517,0.000072,0.442742,0.000001,0.016888,0.000029,0.029306,0.002665,0.000005,0.000004,0.003879,0.000006,0.000388,0.000090,0.000026,0.000002,0.061878,0.000018,0.000002,0.001184,0.000036,0.000003,0.000033,0.000368,0.001668,0.000029,0.000010,0.000191,0.000455,0.060816,0.128642,0.000000,0.000514,0.000003,0.000006,0.216271,0.030037
