0.186116,0.135262,0.000009,0.000186,0.000045,0.000061,0.016839,0.000056,0.056781,0.000029,0.000989,0.000002,0.000044,0.000011,0.001654,0.000001,0.001576,0.000059,0.000091,0.000131,0.000004,0.568483,0.000002,0.004308,0.002895,0.000020,0.000009,0.000004,0.002302,0.000009,0.001527,0.000003,0.000015,0.000038,0.000044,0.016560,0.000017,0.003818
0.056072,0.007342,0.000005,0.000172,0.000001,0.000003,0.037874,0.000016,0.069087,0.000001,0.000046,0.000000,0.000412,0.000010,0.000220,0.000001,0.007181,0.000002,0.000022,0.000342,0.000016,0.818441,0.000214,0.001395,0.000323,0.000007,0.000010,0.000005,0.000001,0.000002,0.000019,0.000001,0.000004,0.000151,0.000051,0.000531,0.000004,0.000015
0.490172,0.002533,0.000155,0.027457,0.000000,0.000050,0.000040,0.000096,0.016700,0.000000,0.001148,0.000001,0.000406,0.000018,0.005187,0.000002,0.000611,0.000014,0.000429,0.000874,0.000010,0.429856,0.001621,0.010644,0.001721,0.000001,0.000951,0.000115,0.000004,0.000013,0.006234,0.000597,0.000023,0.000045,0.001196,0.000225,0.000162,0.000689
0.014811,0.004588,0.000011,0.000072,0.000030,0.000188,0.001051,0.000056,0.072460,0.000027,0.003259,0.000015,0.000026,0.000161,0.000454,0.000002,0.013301,0.000050,0.000038,0.000945,0.000014,0.863854,0.000011,0.012343,0.000242,0.000030,0.000011,0.000009,0.000172,0.000031,0.002224,0.000029,0.000007,0.000068,0.000031,0.008210,0.000048,0.001120
0.001617,0.000468,0.000043,0.054597,0.001371,0.099515,0.000228,0.007692,0.004123,0.000014,0.070305,0.000550,0.000181,0.007696,0.002316,0.002820,0.000376,0.055528,0.000365,0.000868,0.012755,0.054203,0.000006,0.000017,0.566684,0.043162,0.000003,0.000018,0.000089,0.000378,0.002543,0.000161,0.000026,0.006901,0.001313,0.000045,0.000340,0.000683
0.290871,0.000372,0.000000,0.000011,0.000000,0.000040,0.000000,0.000003,0.001800,0.000000,0.000107,0.000000,0.000000,0.000013,0.000181,0.000000,0.000039,0.000003,0.000000,0.000060,0.000000,0.698940,0.000000,0.000003,0.006186,0.000000,0.000000,0.000000,0.000000,0.000001,0.000022,0.000000,0.000000,0.000002,0.000000,0.000000,0.000001,0.001343
0.008598,0.000019,0.000000,0.000014,0.000150,0.000010,0.000000,0.000066,0.001057,0.000000,0.000943,0.000000,0.000000,0.000225,0.000016,0.000000,0.000052,0.000013,0.000000,0.000007,0.000008,0.981160,0.000000,0.000005,0.006590,0.000006,0.000000,0.000000,0.000000,0.000000,0.000983,0.000000,0.000000,0.000011,0.000000,0.000000,0.000001,0.000065
0.533438,0.000336,0.000022,0.001501,0.053083,0.004788,0.000064,0.000815,0.010261,0.000001,0.067333,0.000003,0.000480,0.009684,0.000184,0.000018,0.015635,0.000956,0.000026,0.000468,0.000727,0.098449,0.000022,0.000601,0.001622,0.011096,0.000002,0.000004,0.000189,0.000026,0.155557,0.000909,0.000002,0.013780,0.000030,0.006792,0.000044,0.011050
0.281116,0.000218,0.000084,0.035600,0.224755,0.013118,0.000056,0.001213,0.021001,0.000013,0.004568,0.000025,0.001166,0.056904,0.006372,0.000222,0.006425,0.005209,0.000752,0.000231,0.008736,0.031351,0.000044,0.000237,0.016895,0.174771,0.000008,0.000051,0.000064,0.000064,0.087698,0.007967,0.000020,0.010296,0.000667,0.000953,0.000698,0.000437
0.033801,0.000905,0.000024,0.003195,0.453982,0.001042,0.000150,0.005083,0.007875,0.000011,0.089633,0.000007,0.000065,0.006938,0.000171,0.001345,0.000609,0.015910,0.000223,0.000305,0.008638,0.135087,0.000045,0.000378,0.107844,0.005462,0.000002,0.000012,0.000009,0.000483,0.117027,0.000020,0.000016,0.000181,0.000684,0.000360,0.000096,0.002385
0.006151,0.000236,0.000058,0.010053,0.048011,0.001998,0.000332,0.009292,0.340207,0.000154,0.051446,0.000246,0.000762,0.024522,0.005164,0.000161,0.004812,0.021682,0.001151,0.000640,0.008895,0.169804,0.000034,0.000029,0.001580,0.270232,0.000004,0.000066,0.000011,0.002460,0.006666,0.000321,0.000012,0.006756,0.001946,0.000006,0.000933,0.003166
0.019428,0.000607,0.000482,0.000543,0.000781,0.001416,0.013269,0.001279,0.010510,0.324883,0.023313,0.000046,0.000689,0.000677,0.001260,0.000073,0.000170,0.005493,0.000603,0.000232,0.004781,0.000163,0.000122,0.000034,0.000481,0.003278,0.000042,0.000090,0.185419,0.000385,0.032503,0.085238,0.000282,0.194315,0.000464,0.075534,0.000201,0.010917
0.062857,0.000401,0.000037,0.005236,0.000162,0.029589,0.012385,0.005931,0.009746,0.000036,0.215442,0.000009,0.000012,0.000527,0.000019,0.000007,0.002138,0.013363,0.000034,0.000082,0.000383,0.005525,0.000008,0.000023,0.011098,0.005782,0.000007,0.000006,0.000182,0.000010,0.036193,0.049163,0.000002,0.150235,0.000118,0.124244,0.000418,0.258589
