0.000073,0.000001,0.000010,0.040881,0.001068,0.331967,0.000006,0.008769,0.000405,0.000002,0.000130,0.000161,0.000002,0.002554,0.000021,0.000015,0.000003,0.084043,0.000071,0.000001,0.013176,0.000102,0.000001,0.000000,0.001658,0.489989,0.000000,0.000001,0.000002,0.000017,0.012978,0.001253,0.000000,0.000072,0.000025,0.000011,0.010381,0.000150
0.017216,0.000882,0.000096,0.007369,0.002863,0.000369,0.000049,0.095043,0.452363,0.000315,0.004399,0.003021,0.000063,0.005764,0.000050,0.002207,0.000080,0.171197,0.014472,0.000022,0.029312,0.027123,0.000009,0.000080,0.000621,0.085690,0.000006,0.000025,0.000016,0.006454,0.062803,0.000886,0.000021,0.000037,0.000606,0.000031,0.007893,0.000547
0.001205,0.000336,0.000039,0.166332,0.002863,0.020729,0.000050,0.025890,0.032673,0.000304,0.014144,0.002015,0.000071,0.001588,0.000052,0.012090,0.000119,0.151608,0.000577,0.000037,0.086083,0.010280,0.000010,0.000018,0.030524,0.364735,0.000006,0.000116,0.000061,0.012465,0.055207,0.002445,0.000034,0.000303,0.000591,0.000218,0.003361,0.000819
0.006793,0.000181,0.000004,0.000216,0.001879,0.000004,0.000013,0.004768,0.712188,0.000077,0.105775,0.001084,0.000014,0.001245,0.000010,0.002205,0.000073,0.010994,0.002211,0.000003,0.061526,0.042971,0.000004,0.000007,0.000671,0.009541,0.000000,0.000003,0.000000,0.031248,0.003857,0.000005,0.000006,0.000002,0.000118,0.000001,0.000144,0.000155
0.021403,0.000055,0.000011,0.022876,0.087908,0.001782,0.000004,0.045071,0.011226,0.000010,0.007008,0.000029,0.000007,0.000299,0.000029,0.002162,0.000289,0.068192,0.002134,0.000004,0.045170,0.002475,0.000003,0.000059,0.009967,0.009579,0.000001,0.000004,0.000002,0.000110,0.632934,0.005747,0.000002,0.000208,0.000126,0.005189,0.009201,0.008721
0.095345,0.007198,0.000009,0.000965,0.002079,0.000001,0.000071,0.003056,0.449216,0.000049,0.057074,0.000347,0.000056,0.000921,0.000014,0.001113,0.000876,0.008121,0.001687,0.000013,0.138015,0.106226,0.000019,0.000067,0.003218,0.009682,0.000003,0.000050,0.000009,0.095674,0.017251,0.000025,0.000005,0.000020,0.000188,0.000053,0.000446,0.000838
0.000055,0.000003,0.000007,0.062757,0.001152,0.806248,0.000010,0.004829,0.000626,0.000007,0.000680,0.001027,0.000026,0.001041,0.000022,0.000422,0.000019,0.040835,0.000104,0.000025,0.003981,0.000127,0.000005,0.000010,0.001709,0.015930,0.000001,0.000020,0.000011,0.000136,0.049705,0.004058,0.000002,0.000052,0.000032,0.000077,0.002755,0.001492
0.040199,0.019585,0.000005,0.000639,0.000991,0.000000,0.000012,0.003697,0.657424,0.000018,0.004547,0.000329,0.000013,0.000635,0.000003,0.001376,0.001107,0.008602,0.009466,0.000003,0.148640,0.033507,0.000008,0.000327,0.001828,0.001191,0.000002,0.000009,0.000001,0.005828,0.058833,0.000120,0.000004,0.000006,0.000016,0.000209,0.000571,0.000243
0.002970,0.000635,0.000012,0.328116,0.000076,0.013824,0.000005,0.050346,0.222599,0.000014,0.000033,0.001042,0.000024,0.090030,0.000365,0.000061,0.000014,0.059681,0.000047,0.000016,0.006922,0.040228,0.000001,0.000004,0.000126,0.055433,0.000003,0.000004,0.000008,0.013603,0.095904,0.000674,0.000000,0.001218,0.000034,0.000005,0.015461,0.000462
0.003630,0.001910,0.000289,0.064569,0.053757,0.125909,0.000148,0.061683,0.054356,0.000486,0.003913,0.003677,0.000527,0.030781,0.000396,0.005697,0.000334,0.186988,0.001314,0.000192,0.021149,0.013125,0.000042,0.000524,0.010361,0.170259,0.000031,0.000136,0.000108,0.010581,0.147566,0.007388,0.000154,0.000420,0.003116,0.000935,0.010823,0.002724
0.014984,0.000016,0.000043,0.081262,0.004249,0.040145,0.000016,0.006362,0.000740,0.000001,0.000811,0.000038,0.000002,0.008327,0.000088,0.000028,0.000049,0.186249,0.000261,0.000012,0.005423,0.000756,0.000002,0.000021,0.043066,0.169163,0.000002,0.000002,0.000007,0.000003,0.407905,0.009730,0.000001,0.000093,0.000104,0.000903,0.017643,0.001491
0.000665,0.000043,0.000055,0.041168,0.124392,0.653068,0.000051,0.012785,0.000913,0.000030,0.000698,0.000702,0.001340,0.014154,0.001311,0.002260,0.000191,0.042259,0.000469,0.000370,0.021927,0.001065,0.000141,0.000077,0.004595,0.036031,0.000014,0.000183,0.000074,0.000493,0.027797,0.003475,0.000078,0.000524,0.001358,0.000510,0.003927,0.000809
0.000430,0.000003,0.000006,0.003458,0.007463,0.545611,0.000001,0.002255,0.001303,0.000001,0.001041,0.000024,0.000001,0.001821,0.000048,0.000016,0.000008,0.044824,0.000103,0.000002,0.007976,0.000193,0.000006,0.000014,0.002828,0.078510,0.000000,0.000001,0.000001,0.000002,0.124839,0.004891,0.000000,0.000047,0.000005,0.004687,0.164653,0.002928
0.052054,0.025902,0.000050,0.012592,0.067390,0.000553,0.000064,0.005546,0.103366,0.000366,0.009416,0.004965,0.000062,0.000920,0.000099,0.082182,0.007531,0.061193,0.040920,0.000053,0.126745,0.017931,0.000448,0.002956,0.101501,0.009124,0.000172,0.000200,0.000085,0.005547,0.155737,0.012200,0.000606,0.000804,0.000275,0.064296,0.006742,0.019406
0.008781,0.000012,0.000008,0.055748,0.003634,0.503247,0.000005,0.002522,0.003081,0.000001,0.000018,0.000011,0.000032,0.183465,0.057599,0.000002,0.000094,0.022344,0.000028,0.000037,0.002233,0.023341,0.000001,0.000007,0.002111,0.103841,0.000001,0.000001,0.000028,0.000008,0.005384,0.000444,0.000000,0.018049,0.000151,0.000011,0.003627,0.000094
0.007072,0.000611,0.000001,0.000658,0.000214,0.000178,0.000001,0.000062,0.005712,0.000000,0.000084,0.000018,0.000001,0.015612,0.003198,0.000004,0.000045,0.000431,0.000961,0.000015,0.000047,0.954094,0.000004,0.001031,0.006098,0.000076,0.000000,0.000000,0.000000,0.000062,0.003238,0.000000,0.000002,0.000002,0.000002,0.000001,0.000388,0.000078
0.023764,0.017267,0.000101,0.035768,0.003693,0.008296,0.000349,0.003852,0.013358,0.000187,0.000733,0.000248,0.000735,0.218187,0.040392,0.000496,0.001984,0.038228,0.001011,0.000381,0.006462,0.401210,0.000184,0.003852,0.022173,0.091497,0.000039,0.000083,0.000092,0.000447,0.051817,0.002303,0.000091,0.000694,0.000839,0.000479,0.006829,0.001878
0.002814,0.345834,0.000000,0.000012,0.000000,0.000015,0.000011,0.000131,0.579739,0.000001,0.000003,0.000012,0.000000,0.000004,0.000247,0.000000,0.000267,0.001882,0.000010,0.000043,0.000004,0.039700,0.000000,0.000756,0.028043,0.000004,0.000000,0.000000,0.000000,0.000005,0.000408,0.000000,0.000000,0.000000,0.000001,0.000000,0.000023,0.000029
0.063688,0.002171,0.000386,0.012896,0.010798,0.009986,0.014319,0.003597,0.096752,0.000355,0.110396,0.001836,0.010510,0.052452,0.013419,0.001102,0.097144,0.006606,0.002609,0.011203,0.003382,0.047212,0.001655,0.000417,0.005095,0.096892,0.000064,0.000254,0.000509,0.000801,0.065470,0.011579,0.000398,0.176858,0.029729,0.000375,0.002034,0.035052
0.164315,0.057547,0.000032,0.006913,0.000404,0.000617,0.001568,0.000207,0.259748,0.000010,0.001107,0.000139,0.000652,0.000319,0.013848,0.000059,0.005547,0.000957,0.002331,0.002719,0.000218,0.396887,0.000362,0.073666,0.005057,0.000058,0.000036,0.000020,0.000013,0.000713,0.000535,0.000012,0.000345,0.000020,0.000066,0.000274,0.000649,0.002030
0.008887,0.041941,0.000010,0.000274,0.000001,0.000100,0.000542,0.000011,0.731603,0.000000,0.000090,0.000034,0.000020,0.000022,0.018091,0.000001,0.000476,0.000026,0.000071,0.000544,0.000004,0.180785,0.000009,0.015686,0.000467,0.000003,0.000006,0.000019,0.000003,0.000026,0.000118,0.000001,0.000003,0.000001,0.000001,0.000031,0.000030,0.000062
0.080346,0.055627,0.000028,0.003642,0.000023,0.001934,0.001401,0.000544,0.039063,0.000028,0.013699,0.000030,0.000064,0.007757,0.027637,0.000008,0.043688,0.001016,0.000093,0.040409,0.000070,0.583966,0.000279,0.031458,0.042798,0.000283,0.000120,0.000200,0.000058,0.000072,0.002475,0.000051,0.000043,0.001577,0.000513,0.017034,0.000274,0.001693
0.099365,0.027376,0.000001,0.001164,0.000015,0.000056,0.000545,0.000149,0.060788,0.000002,0.004455,0.000002,0.000003,0.000183,0.002571,0.000001,0.043958,0.000133,0.000086,0.044454,0.000025,0.651778,0.000037,0.040207,0.014403,0.000014,0.000036,0.000002,0.000003,0.000033,0.000151,0.000001,0.000006,0.000058,0.000017,0.002038,0.000087,0.005797
0.001422,0.000705,0.000064,0.039156,0.004618,0.071179,0.000248,0.036581,0.031551,0.000239,0.006881,0.000101,0.000048,0.022069,0.003264,0.000746,0.000111,0.232470,0.001571,0.000036,0.025549,0.010728,0.000003,0.000016,0.084114,0.399212,0.000002,0.000020,0.000038,0.000504,0.007424,0.000338,0.000030,0.001356,0.009280,0.000150,0.007805,0.000375
0.004024,0.001453,0.000006,0.014187,0.005425,0.005817,0.000052,0.011819,0.344016,0.000203,0.001916,0.000104,0.000008,0.105555,0.085816,0.000161,0.000195,0.092822,0.003006,0.000011,0.011503,0.098102,0.000003,0.000026,0.051182,0.150011,0.000000,0.000003,0.000004,0.000177,0.004842,0.000136,0.000001,0.001349,0.002582,0.000004,0.003411,0.000068
0.000042,0.000002,0.000002,0.135426,0.000032,0.613128,0.000000,0.001300,0.000042,0.000000,0.000002,0.000040,0.000000,0.000068,0.000039,0.000003,0.000000,0.025103,0.000095,0.000000,0.042156,0.000002,0.000000,0.000000,0.000137,0.107368,0.000000,0.000000,0.000002,0.000016,0.013022,0.000182,0.000000,0.000003,0.000001,0.000111,0.061667,0.000005
0.000215,0.000004,0.000002,0.000000,0.000009,0.000016,0.000185,0.000007,0.000620,0.985625,0.000053,0.000000,0.000001,0.000001,0.000001,0.000000,0.000000,0.000016,0.000003,0.000001,0.000002,0.000000,0.000002,0.000000,0.000007,0.000010,0.000001,0.000000,0.001694,0.000001,0.000082,0.000633,0.000001,0.006417,0.000073,0.004294,0.000000,0.000025
0.981239,0.000275,0.000000,0.000005,0.000000,0.000002,0.000003,0.000001,0.000074,0.000000,0.000035,0.000000,0.000000,0.000172,0.001082,0.000000,0.000025,0.000001,0.000000,0.000104,0.000000,0.003846,0.000000,0.000000,0.012835,0.000000,0.000000,0.000000,0.000000,0.000000,0.000001,0.000000,0.000000,0.000234,0.000047,0.000000,0.000000,0.000019
0.020319,0.000095,0.000064,0.045355,0.000708,0.116081,0.000244,0.013326,0.018098,0.000005,0.000412,0.011629,0.023789,0.260200,0.038145,0.001164,0.000740,0.016253,0.002634,0.000983,0.076043,0.007124,0.000844,0.000022,0.000128,0.208461,0.000011,0.000660,0.000010,0.004138,0.080333,0.006727,0.000065,0.004336,0.000467,0.000005,0.038681,0.001701
0.462157,0.042162,0.000007,0.000090,0.001203,0.000276,0.059879,0.004893,0.024038,0.000018,0.000118,0.000002,0.000061,0.000257,0.001209,0.000025,0.011848,0.000714,0.000014,0.199024,0.000098,0.003576,0.001100,0.000648,0.053567,0.000033,0.000077,0.000021,0.000061,0.000148,0.000049,0.000010,0.000020,0.001312,0.126617,0.003516,0.000019,0.001132
0.143181,0.002535,0.000476,0.007019,0.000254,0.003947,0.008180,0.007136,0.021916,0.000297,0.493755,0.001483,0.001470,0.016452,0.069864,0.000379,0.025318,0.006791,0.001055,0.084841,0.001292,0.011831,0.001475,0.000101,0.033382,0.006836,0.000008,0.000091,0.000102,0.001471,0.000393,0.000030,0.000268,0.038484,0.003496,0.000042,0.003118,0.001231
0.004981,0.000596,0.001226,0.118329,0.001421,0.082150,0.032782,0.042063,0.002056,0.000116,0.007860,0.002065,0.000114,0.028651,0.001684,0.000224,0.001832,0.137618,0.000265,0.001439,0.019796,0.004849,0.000026,0.000085,0.280162,0.055154,0.000060,0.000288,0.002516,0.000050,0.023085,0.038490,0.000140,0.044823,0.004444,0.000757,0.012593,0.045211
0.237361,0.078857,0.000216,0.001110,0.000001,0.001289,0.006147,0.000369,0.325376,0.000002,0.000729,0.000229,0.000009,0.000032,0.202769,0.000003,0.001533,0.000787,0.000058,0.001576,0.000004,0.018410,0.000006,0.000302,0.118526,0.000008,0.000018,0.000040,0.000173,0.000062,0.000576,0.000003,0.000049,0.000039,0.000020,0.000095,0.000347,0.002869
