0.000684,0.993945,0.000000,0.000001,0.000000,0.000000,0.003619,0.000000,0.001349,0.000001,0.000005,0.000000,0.000000,0.000000,0.000001,0.000000,0.000005,0.000004,0.000000,0.000000,0.000000,0.000088,0.000000,0.000005,0.000214,0.000000,0.000000,0.000000,0.000001,0.000000,0.000054,0.000000,0.000000,0.000000,0.000000,0.000017,0.000000,0.000005
0.000034,0.999692,0.000000,0.000000,0.000000,0.000000,0.000232,0.000000,0.000004,0.000000,0.000000,0.000000,0.000000,0.000000,0.000000,0.000000,0.000000,0.000000,0.000000,0.000000,0.000000,0.000000,0.000000,0.000000,0.000023,0.000000,0.000000,0.000000,0.000000,0.000000,0.000006,0.000000,0.000000,0.000000,0.000007,0.000000,0.000000,0.000000
0.004677,0.889022,0.000002,0.000002,0.000000,0.000002,0.000528,0.000000,0.000314,0.000000,0.000021,0.000000,0.000000,0.000001,0.001068,0.000000,0.000023,0.000023,0.000000,0.000001,0.000000,0.000200,0.000000,0.000001,0.103563,0.000000,0.000001,0.000000,0.000002,0.000005,0.000084,0.000000,0.000001,0.000261,0.000130,0.000002,0.000000,0.000064
0.003240,0.983483,0.000001,0.000007,0.000002,0.000002,0.008733,0.000002,0.002911,0.000003,0.000033,0.000001,0.000000,0.000001,0.000028,0.000000,0.000048,0.000017,0.000001,0.000004,0.000000,0.000261,0.000000,0.000001,0.000834,0.000002,0.000000,0.000000,0.000005,0.000010,0.000030,0.000000,0.000001,0.000093,0.000010,0.000003,0.000001,0.000232
0.020503,0.968296,0.000008,0.000006,0.000000,0.000008,0.002112,0.000003,0.002883,0.000002,0.000011,0.000007,0.000000,0.000001,0.000068,0.000000,0.000024,0.000084,0.000003,0.000003,0.000000,0.000136,0.000000,0.000004,0.005467,0.000001,0.000001,0.000001,0.000004,0.000019,0.000106,0.000000,0.000003,0.000022,0.000023,0.000024,0.000004,0.000160
0.159479,0.001347,0.000246,0.002040,0.001772,0.000299,0.036781,0.006632,0.179931,0.000711,0.303888,0.000451,0.001986,0.005779,0.002781,0.000313,0.019768,0.001717,0.000566,0.004996,0.001828,0.003757,0.016824,0.000044,0.001026,0.008195,0.000045,0.000335,0.000217,0.003323,0.028474,0.001367,0.000648,0.046447,0.009661,0.000046,0.001880,0.144400
0.000585,0.991787,0.000008,0.000000,0.000000,0.000000,0.000039,0.000000,0.000033,0.000000,0.000007,0.000000,0.000000,0.000000,0.000023,0.000000,0.000001,0.000007,0.000000,0.000000,0.000000,0.000020,0.000000,0.000000,0.007313,0.000000,0.000001,0.000000,0.000001,0.000001,0.000113,0.000000,0.000000,0.000020,0.000010,0.000001,0.000000,0.000029
0.000709,0.994714,0.000000,0.000003,0.000000,0.000000,0.001675,0.000000,0.002515,0.000000,0.000000,0.000000,0.000000,0.000000,0.000002,0.000000,0.000004,0.000002,0.000000,0.000001,0.000000,0.000212,0.000000,0.000001,0.000144,0.000000,0.000000,0.000000,0.000000,0.000002,0.000001,0.000000,0.000000,0.000001,0.000006,0.000001,0.000000,0.000004
0.031222,0.965449,0.000001,0.000002,0.000000,0.000002,0.000058,0.000000,0.001039,0.000000,0.000016,0.000000,0.000000,0.000001,0.000262,0.000000,0.000005,0.000005,0.000000,0.000003,0.000000,0.000387,0.000000,0.000000,0.000943,0.000000,0.000000,0.000000,0.000001,0.000002,0.000033,0.000000,0.000000,0.000404,0.000031,0.000000,0.000000,0.000132
0.000144,0.998244,0.000000,0.000000,0.000000,0.000000,0.001230,0.000000,0.000205,0.000000,0.000000,0.000000,0.000000,0.000000,0.000000,0.000000,0.000001,0.000000,0.000000,0.000000,0.000000,0.000004,0.000000,0.000000,0.000160,0.000000,0.000000,0.000000,0.000000,0.000000,0.000002,0.000000,0.000000,0.000003,0.000002,0.000000,0.000000,0.000004
0.012636,0.819848,0.000314,0.000003,0.000002,0.000029,0.004914,0.000003,0.001839,0.000000,0.000066,0.000350,0.000001,0.000013,0.010157,0.000000,0.000082,0.000162,0.000003,0.000012,0.000031,0.000061,0.000000,0.000003,0.143849,0.000007,0.000001,0.000004,0.000026,0.000106,0.000809,0.000003,0.000014,0.001554,0.000195,0.000029,0.000017,0.002857
0.000205,0.991476,0.000011,0.000000,0.000000,0.000000,0.000384,0.000000,0.000019,0.000000,0.000003,0.000000,0.000000,0.000000,0.000006,0.000000,0.000004,0.000002,0.000000,0.000000,0.000000,0.000005,0.000000,0.000000,0.007717,0.000000,0.000001,0.000000,0.000001,0.000000,0.000056,0.000000,0.000000,0.000076,0.000020,0.000004,0.000000,0.000010
0.032472,0.000294,0.000059,0.000006,0.000194,0.000056,0.032020,0.000296,0.055560,0.567684,0.000538,0.000003,0.000032,0.000048,0.004665,0.000002,0.000007,0.000106,0.000284,0.000045,0.000057,0.000061,0.000069,0.000005,0.000472,0.000381,0.000035,0.000006,0.093949,0.000020,0.012103,0.001191,0.000134,0.140991,0.005424,0.050487,0.000012,0.000229
