0.000252,0.000000,0.000001,0.001340,0.000638,0.079913,0.000000,0.000053,0.000069,0.000000,0.000053,0.001341,0.000006,0.007954,0.014143,0.000480,0.000002,0.000226,0.000008,0.000003,0.846361,0.000003,0.000000,0.000000,0.006079,0.002187,0.000000,0.000027,0.000000,0.000383,0.038354,0.000073,0.000000,0.000019,0.000003,0.000001,0.000027,0.000002
0.008996,0.000012,0.000003,0.000193,0.304392,0.000078,0.000050,0.000056,0.000275,0.000003,0.004749,0.000621,0.345341,0.000550,0.040072,0.232477,0.001343,0.000085,0.000138,0.021747,0.030378,0.000020,0.000576,0.000015,0.000226,0.000693,0.000003,0.000449,0.000003,0.003042,0.002105,0.000237,0.000992,0.000017,0.000029,0.000001,0.000006,0.000028
0.011444,0.002293,0.000339,0.115214,0.000690,0.004512,0.000855,0.023923,0.047599,0.000243,0.115002,0.003345,0.000443,0.006571,0.002050,0.005292,0.002102,0.034828,0.004939,0.000298,0.033046,0.041386,0.000040,0.000065,0.100336,0.365323,0.000039,0.000280,0.000165,0.015280,0.016152,0.002267,0.000146,0.015931,0.018511,0.000061,0.007070,0.001921
0.016551,0.001262,0.000045,0.032254,0.018705,0.002026,0.000221,0.004091,0.031069,0.000039,0.107928,0.002347,0.004888,0.010599,0.000269,0.089014,0.018919,0.012168,0.000869,0.005061,0.247949,0.110922,0.001160,0.000293,0.032989,0.024455,0.000034,0.000676,0.000033,0.054739,0.159131,0.000977,0.000126,0.002332,0.000524,0.000090,0.000921,0.004324
0.007982,0.015182,0.000042,0.304578,0.000064,0.000508,0.000011,0.023122,0.029154,0.000071,0.000996,0.000382,0.000011,0.000182,0.000015,0.001293,0.000053,0.172051,0.022435,0.000002,0.038796,0.002364,0.000001,0.000037,0.003080,0.147312,0.000007,0.000008,0.000032,0.007177,0.182786,0.026366,0.000011,0.000063,0.000198,0.000771,0.012297,0.000561
0.002280,0.001453,0.000063,0.058880,0.001652,0.003700,0.000022,0.068623,0.084374,0.000104,0.001375,0.002993,0.000030,0.000647,0.000095,0.002397,0.000098,0.304817,0.008701,0.000009,0.114297,0.001369,0.000005,0.000048,0.003453,0.134684,0.000006,0.000046,0.000254,0.011060,0.159472,0.012153,0.000019,0.000114,0.000113,0.001755,0.017645,0.001196
0.068853,0.001095,0.000009,0.001278,0.060466,0.000194,0.000189,0.003022,0.079389,0.000017,0.155232,0.000009,0.000099,0.001295,0.000063,0.000233,0.011755,0.003693,0.000032,0.000828,0.005209,0.317978,0.000027,0.000196,0.024803,0.003306,0.000003,0.000017,0.000011,0.003208,0.213517,0.000066,0.000003,0.002403,0.000120,0.000206,0.000077,0.041098
0.000241,0.000090,0.000091,0.458230,0.000038,0.001959,0.000020,0.005438,0.001381,0.000028,0.000162,0.027698,0.000008,0.000051,0.000026,0.002893,0.000017,0.214426,0.001463,0.000009,0.055433,0.000126,0.000012,0.000050,0.003264,0.046903,0.000005,0.000036,0.000145,0.000476,0.003549,0.076169,0.000076,0.000120,0.000287,0.000050,0.078190,0.020838
0.003327,0.000192,0.000671,0.036378,0.054660,0.009583,0.000416,0.016279,0.015019,0.000118,0.015906,0.223197,0.011391,0.046907,0.004701,0.146917,0.001781,0.053479,0.013436,0.004336,0.153204,0.009751,0.000937,0.000274,0.004345,0.073425,0.000170,0.002106,0.000135,0.026662,0.024177,0.004653,0.019575,0.001012,0.012002,0.000056,0.006330,0.002494
0.003603,0.000806,0.000316,0.182158,0.004853,0.015276,0.000170,0.029438,0.124256,0.000381,0.008969,0.015574,0.000259,0.037929,0.002085,0.004250,0.000865,0.078682,0.003135,0.000230,0.044439,0.032653,0.000070,0.000159,0.014798,0.280482,0.000026,0.000333,0.000241,0.015441,0.053375,0.009994,0.000146,0.004487,0.006185,0.000168,0.021404,0.002363
0.000483,0.000029,0.000005,0.099326,0.014866,0.135364,0.000006,0.028025,0.006976,0.000003,0.016679,0.000493,0.000028,0.000724,0.000067,0.002856,0.000025,0.062365,0.000058,0.000006,0.292650,0.000275,0.000006,0.000003,0.012068,0.112712,0.000000,0.000027,0.000027,0.007251,0.201831,0.000885,0.000003,0.000133,0.000006,0.002778,0.000577,0.000384
0.024289,0.000019,0.000005,0.000050,0.000938,0.000004,0.000002,0.000068,0.000067,0.000000,0.005399,0.048316,0.008032,0.010719,0.004908,0.655136,0.002151,0.000032,0.000019,0.001424,0.192697,0.000019,0.000790,0.000004,0.000699,0.000798,0.000000,0.000192,0.000000,0.012843,0.000197,0.000171,0.029983,0.000002,0.000014,0.000000,0.000003,0.000008
0.025758,0.049472,0.000049,0.020904,0.000357,0.000126,0.000075,0.008454,0.149407,0.001480,0.000311,0.168967,0.000088,0.013023,0.000043,0.016288,0.000472,0.045830,0.002094,0.000026,0.023221,0.021370,0.001192,0.001248,0.002964,0.001808,0.000111,0.000869,0.000247,0.038984,0.278714,0.017780,0.000388,0.003788,0.000061,0.001376,0.058018,0.044636
0.183397,0.000250,0.000003,0.000002,0.000379,0.000001,0.000102,0.000077,0.001924,0.000000,0.000144,0.000060,0.000511,0.000001,0.017887,0.000707,0.000095,0.000014,0.000201,0.000260,0.770730,0.000050,0.000131,0.000036,0.000045,0.000014,0.000000,0.000024,0.000001,0.021527,0.000314,0.000076,0.000639,0.000002,0.000167,0.000009,0.000004,0.000213
0.069779,0.000008,0.000092,0.000042,0.011027,0.000015,0.000139,0.000076,0.002043,0.000004,0.000082,0.012076,0.002330,0.000275,0.624145,0.031963,0.000084,0.000210,0.000076,0.000408,0.176792,0.000002,0.000004,0.000002,0.000108,0.001334,0.000003,0.003486,0.000032,0.054391,0.000086,0.000354,0.008327,0.000038,0.000130,0.000005,0.000014,0.000019
0.005298,0.003220,0.000001,0.007252,0.000108,0.000047,0.000003,0.010301,0.123981,0.000005,0.006216,0.000241,0.000009,0.001137,0.000004,0.002916,0.000270,0.009282,0.000047,0.000003,0.245919,0.023910,0.000007,0.000027,0.013641,0.009132,0.000000,0.000006,0.000007,0.063466,0.465158,0.001177,0.000007,0.000061,0.000003,0.003403,0.001650,0.002081
0.043473,0.000003,0.000298,0.000167,0.159292,0.000006,0.000426,0.008518,0.215115,0.000020,0.000906,0.299572,0.000265,0.000044,0.056561,0.005110,0.000022,0.002139,0.000111,0.001282,0.106446,0.000001,0.000008,0.000007,0.000801,0.001169,0.000002,0.012504,0.000156,0.017860,0.000035,0.022540,0.044204,0.000044,0.000384,0.000003,0.000073,0.000430
0.005020,0.000399,0.000044,0.002797,0.007279,0.000025,0.000056,0.002359,0.025291,0.000057,0.020339,0.071288,0.000858,0.011601,0.001650,0.014920,0.000699,0.001100,0.000489,0.000388,0.615069,0.007045,0.009696,0.000053,0.002096,0.007079,0.000023,0.004031,0.000015,0.176129,0.001615,0.001326,0.007011,0.000295,0.000461,0.000025,0.000724,0.000648
