0.000357,0.000292,0.000003,0.616609,0.000004,0.099684,0.000001,0.019119,0.005884,0.000004,0.000002,0.000405,0.000002,0.020719,0.000137,0.000054,0.000001,0.032892,0.000029,0.000001,0.002262,0.000745,0.000001,0.000003,0.000061,0.022828,0.000001,0.000002,0.000019,0.004092,0.102434,0.002023,0.000000,0.000157,0.000008,0.000016,0.068870,0.000278
0.027406,0.001671,0.000106,0.103069,0.000927,0.001930,0.000016,0.037217,0.176404,0.000046,0.001275,0.001549,0.000012,0.084085,0.000638,0.000207,0.000086,0.134316,0.027442,0.000007,0.016737,0.006725,0.000002,0.000038,0.000465,0.100220,0.000003,0.000011,0.000004,0.007256,0.258024,0.001720,0.000004,0.000030,0.000327,0.000006,0.009956,0.000067
0.010696,0.000088,0.000106,0.406205,0.000017,0.005754,0.000061,0.001572,0.001240,0.000009,0.000013,0.000890,0.000005,0.010767,0.013670,0.000015,0.000007,0.045644,0.002979,0.000001,0.101617,0.000081,0.000007,0.000004,0.000192,0.047732,0.000010,0.000075,0.000003,0.000047,0.017422,0.001721,0.000006,0.001174,0.000117,0.000006,0.329749,0.000300
0.000367,0.000010,0.000036,0.057210,0.002322,0.674255,0.000005,0.016766,0.000593,0.000006,0.000012,0.000114,0.000010,0.019495,0.001195,0.000016,0.000008,0.073630,0.000088,0.000006,0.008984,0.000245,0.000003,0.000005,0.000974,0.083292,0.000001,0.000007,0.000008,0.000043,0.028764,0.002197,0.000002,0.000247,0.000181,0.000016,0.028585,0.000302
0.000430,0.000013,0.000001,0.000541,0.888937,0.002736,0.000000,0.000387,0.001551,0.000000,0.000118,0.000200,0.000006,0.019358,0.000057,0.000343,0.000010,0.000562,0.000254,0.000001,0.004188,0.000348,0.000089,0.000082,0.000080,0.000889,0.000003,0.000029,0.000002,0.000134,0.075416,0.001073,0.000002,0.000001,0.000001,0.001716,0.000324,0.000120
0.001325,0.000421,0.000019,0.012496,0.021108,0.005719,0.000004,0.005505,0.048312,0.000025,0.000130,0.001186,0.000281,0.754953,0.003738,0.001160,0.000345,0.009644,0.001124,0.000119,0.003798,0.046728,0.000075,0.000976,0.000688,0.012874,0.000007,0.000031,0.000004,0.002677,0.062097,0.000601,0.000021,0.000080,0.000135,0.000021,0.001456,0.000119
0.000930,0.000233,0.000068,0.018919,0.105434,0.018181,0.000006,0.009981,0.379404,0.000036,0.001188,0.008730,0.000048,0.092922,0.000321,0.001696,0.000133,0.039401,0.001188,0.000019,0.012107,0.017155,0.000057,0.000403,0.000540,0.117260,0.000003,0.000035,0.000019,0.003015,0.160581,0.003982,0.000033,0.000098,0.000221,0.000173,0.005167,0.000314
0.007845,0.002059,0.000004,0.000341,0.551773,0.000170,0.000003,0.000305,0.010856,0.000040,0.000549,0.001575,0.000113,0.116618,0.000122,0.006431,0.000667,0.000391,0.003298,0.000016,0.016689,0.002908,0.001490,0.006619,0.000964,0.000594,0.002199,0.001294,0.000123,0.004314,0.112687,0.010121,0.000035,0.000066,0.000026,0.135850,0.000271,0.000578
0.154754,0.000037,0.000057,0.024932,0.124560,0.202610,0.000020,0.000999,0.000581,0.000007,0.000183,0.000146,0.025267,0.362956,0.007274,0.000700,0.003213,0.002273,0.000823,0.001276,0.000992,0.016153,0.025408,0.000378,0.000239,0.005183,0.000441,0.000190,0.000022,0.000012,0.031472,0.003544,0.000065,0.000614,0.001455,0.000110,0.000918,0.000134
0.003446,0.000016,0.000005,0.000075,0.956929,0.000047,0.000001,0.000383,0.001597,0.000001,0.000066,0.000024,0.000101,0.029950,0.000507,0.000066,0.000036,0.000624,0.000209,0.000020,0.000628,0.002343,0.000139,0.000068,0.000119,0.000372,0.000001,0.000013,0.000000,0.000035,0.002014,0.000038,0.000011,0.000002,0.000021,0.000035,0.000040,0.000018
0.000969,0.000003,0.000000,0.000004,0.812978,0.000061,0.000000,0.000011,0.000184,0.000000,0.001574,0.000000,0.000010,0.000208,0.000001,0.000001,0.000006,0.000014,0.000004,0.000000,0.000989,0.000022,0.000001,0.000002,0.000003,0.000029,0.000000,0.000003,0.000006,0.000001,0.019770,0.000430,0.000000,0.000011,0.000000,0.161549,0.000004,0.001150
0.018148,0.000005,0.000003,0.002999,0.857247,0.008258,0.000000,0.000162,0.000770,0.000000,0.000027,0.000098,0.000300,0.089769,0.001178,0.000099,0.000019,0.000485,0.001052,0.000004,0.001108,0.004040,0.004407,0.000052,0.000006,0.000876,0.000012,0.000019,0.000002,0.000005,0.007448,0.000509,0.000001,0.000007,0.000006,0.000150,0.000696,0.000032
0.006669,0.001751,0.000397,0.073691,0.033999,0.068800,0.000699,0.023765,0.030655,0.000375,0.007238,0.021936,0.035098,0.249450,0.005029,0.009202,0.005196,0.031647,0.004214,0.001565,0.036635,0.017589,0.001498,0.005514,0.003401,0.087964,0.000119,0.000974,0.001633,0.028149,0.155036,0.011046,0.001226,0.001469,0.003350,0.000813,0.012837,0.019373
0.032502,0.000215,0.000019,0.013581,0.000988,0.000365,0.000424,0.003055,0.001085,0.000003,0.363772,0.000003,0.000006,0.000082,0.000016,0.000011,0.000442,0.003090,0.000006,0.000014,0.001015,0.000388,0.000000,0.000013,0.011802,0.000581,0.000002,0.000002,0.000997,0.000011,0.022400,0.011036,0.000002,0.042663,0.000021,0.329342,0.000031,0.160015
