0.000056,0.000000,0.000000,0.000000,0.000001,0.000000,0.000003,0.000000,0.000000,0.000000,0.000000,0.000000,0.000000,0.000000,0.000000,0.000000,0.000001,0.000000,0.000000,0.000000,0.000000,0.000000,0.000005,0.000000,0.000000,0.000000,0.000000,0.000000,0.000000,0.000000,0.000000,0.000000,0.000000,0.999903,0.000031,0.000000,0.000000,0.000000
0.004791,0.000231,0.000000,0.000004,0.000173,0.000000,0.000059,0.000000,0.000002,0.000000,0.000223,0.000000,0.000000,0.000000,0.000000,0.000000,0.001326,0.000000,0.000000,0.000001,0.000000,0.000002,0.000000,0.000000,0.000223,0.000000,0.000004,0.000000,0.000000,0.000000,0.000000,0.000055,0.000000,0.992870,0.000003,0.000011,0.000000,0.000022
0.004425,0.000000,0.000001,0.000000,0.000000,0.000001,0.000051,0.000000,0.000008,0.000000,0.000000,0.000000,0.000010,0.000000,0.000000,0.000000,0.000001,0.000000,0.000000,0.000000,0.000000,0.000000,0.000000,0.000000,0.000030,0.000000,0.000000,0.000000,0.000000,0.000000,0.000000,0.000008,0.000000,0.988655,0.006810,0.000000,0.000000,0.000000
0.050466,0.000030,0.000048,0.000628,0.000141,0.000247,0.000706,0.000066,0.000064,0.000000,0.007050,0.000003,0.000053,0.000008,0.000027,0.000023,0.000730,0.000007,0.000002,0.000140,0.000063,0.000013,0.000000,0.000001,0.006228,0.000019,0.000008,0.000003,0.000495,0.000001,0.000085,0.005071,0.000001,0.925313,0.001609,0.000600,0.000002,0.000049
0.000003,0.000000,0.000047,0.000000,0.000000,0.000000,0.000000,0.000000,0.000000,0.000000,0.000000,0.000000,0.000000,0.000000,0.000000,0.000000,0.000000,0.000000,0.000000,0.000000,0.000000,0.000005,0.000000,0.000000,0.000001,0.000000,0.000000,0.000000,0.000000,0.000000,0.000000,0.000000,0.000000,0.999939,0.000002,0.000000,0.000000,0.000000
0.000161,0.000242,0.002471,0.000001,0.000000,0.000000,0.000002,0.000000,0.000000,0.000000,0.000000,0.000000,0.000000,0.000000,0.000001,0.000000,0.000000,0.000000,0.000013,0.000000,0.000001,0.000008,0.000000,0.000000,0.000061,0.000000,0.000001,0.000000,0.000014,0.000000,0.000027,0.000020,0.000000,0.996725,0.000002,0.000249,0.000000,0.000000
0.034868,0.000023,0.820392,0.000236,0.000019,0.000010,0.000436,0.000004,0.000049,0.000020,0.000023,0.000001,0.002277,0.000002,0.000085,0.000005,0.000001,0.000013,0.006475,0.000000,0.000110,0.000851,0.000086,0.000002,0.000061,0.000021,0.002414,0.000051,0.000104,0.000001,0.001354,0.000115,0.000017,0.128396,0.000565,0.000526,0.000377,0.000007
0.001019,0.000000,0.000009,0.000015,0.000000,0.000000,0.000000,0.000000,0.000000,0.000000,0.000000,0.000000,0.000174,0.000000,0.000000,0.000000,0.000000,0.000000,0.000000,0.000000,0.000000,0.000000,0.000000,0.000000,0.000002,0.000000,0.000000,0.000000,0.000001,0.000000,0.000003,0.000076,0.000000,0.998680,0.000009,0.000011,0.000000,0.000000
0.006675,0.000175,0.000001,0.000014,0.020457,0.000001,0.004933,0.000003,0.000236,0.000190,0.000672,0.000000,0.000016,0.000000,0.000000,0.000004,0.011391,0.000008,0.000001,0.000138,0.000019,0.000001,0.000002,0.000000,0.000028,0.000003,0.000056,0.000002,0.004748,0.000005,0.000013,0.000633,0.000001,0.943422,0.005818,0.000334,0.000000,0.000004
0.000372,0.000000,0.000000,0.000000,0.000000,0.000000,0.000000,0.000000,0.000001,0.000000,0.000000,0.000000,0.000158,0.000000,0.000000,0.000000,0.000002,0.000000,0.000000,0.000000,0.000000,0.000000,0.000000,0.000000,0.000000,0.000000,0.000003,0.000000,0.000003,0.000000,0.000000,0.000001,0.000000,0.999252,0.000207,0.000000,0.000000,0.000000
0.013235,0.000001,0.000004,0.000172,0.000000,0.000003,0.000159,0.000000,0.000855,0.000001,0.001145,0.000000,0.000045,0.000014,0.000002,0.000000,0.000065,0.000000,0.000001,0.000006,0.000016,0.000098,0.000002,0.000000,0.001056,0.000227,0.000002,0.000016,0.000001,0.000000,0.000065,0.000859,0.000000,0.981906,0.000022,0.000015,0.000003,0.000003
0.135492,0.000090,0.000006,0.000174,0.000023,0.000007,0.000002,0.000001,0.000017,0.000000,0.002903,0.000000,0.000012,0.000001,0.000031,0.000002,0.000313,0.000000,0.000000,0.000003,0.000003,0.000016,0.000000,0.000000,0.000445,0.000002,0.000001,0.000000,0.000763,0.000000,0.000065,0.000451,0.000000,0.856699,0.000101,0.002113,0.000000,0.000263
0.000737,0.000002,0.000000,0.000001,0.000989,0.000000,0.000002,0.000000,0.000000,0.000000,0.000008,0.000000,0.000000,0.000000,0.000000,0.000000,0.000153,0.000000,0.000000,0.000000,0.000000,0.000000,0.000000,0.000000,0.000002,0.000000,0.000014,0.000000,0.000000,0.000000,0.000000,0.000001,0.000000,0.998000,0.000062,0.000025,0.000000,0.000000
0.009023,0.000003,0.000053,0.000211,0.000036,0.000010,0.000111,0.000002,0.001341,0.001010,0.001131,0.000000,0.029254,0.000210,0.000006,0.000033,0.000477,0.000001,0.000102,0.000033,0.001162,0.000307,0.004500,0.000004,0.000029,0.000041,0.164636,0.008911,0.000164,0.000016,0.001573,0.216660,0.000010,0.553488,0.000516,0.004862,0.000006,0.000067
