0.000710,0.000002,0.000000,0.000027,0.000221,0.000029,0.000366,0.000071,0.000680,0.000000,0.988921,0.000033,0.000032,0.000020,0.000011,0.000059,0.002560,0.000009,0.000001,0.000052,0.001169,0.000100,0.000002,0.000000,0.000743,0.000963,0.000000,0.000000,0.000001,0.001170,0.000208,0.000002,0.000001,0.001722,0.000005,0.000000,0.000002,0.000112
0.015738,0.000545,0.000005,0.001048,0.148380,0.000118,0.002926,0.000168,0.000864,0.000032,0.689698,0.000136,0.001008,0.000090,0.000479,0.008288,0.014930,0.000391,0.000136,0.009376,0.071303,0.000163,0.000316,0.000108,0.005764,0.001067,0.000009,0.000257,0.000188,0.013779,0.002888,0.000865,0.000430,0.005538,0.000086,0.002258,0.000026,0.000599
0.000563,0.000000,0.000000,0.000012,0.000091,0.000001,0.000001,0.000002,0.000022,0.000000,0.995636,0.000000,0.000002,0.000009,0.000000,0.000074,0.000935,0.000001,0.000000,0.000002,0.000837,0.000056,0.000000,0.000000,0.000678,0.000102,0.000000,0.000000,0.000000,0.000052,0.000898,0.000001,0.000000,0.000017,0.000000,0.000002,0.000000,0.000004
0.011284,0.000040,0.000003,0.000543,0.032803,0.000043,0.000153,0.000087,0.001321,0.000017,0.880013,0.000095,0.000267,0.000207,0.000097,0.011315,0.021169,0.000110,0.000127,0.003084,0.014171,0.000813,0.000159,0.000032,0.003825,0.000331,0.000002,0.000037,0.000003,0.007477,0.008191,0.000509,0.000143,0.000705,0.000077,0.000161,0.000011,0.000575
0.168364,0.000015,0.000001,0.000050,0.050797,0.000005,0.000058,0.000019,0.000256,0.000001,0.705771,0.000002,0.000268,0.000034,0.000035,0.001182,0.053821,0.000002,0.000010,0.001484,0.001495,0.000025,0.000011,0.000002,0.000091,0.000014,0.000001,0.000002,0.000007,0.000162,0.000777,0.000130,0.000010,0.014790,0.000039,0.000203,0.000000,0.000067
0.050692,0.001259,0.002025,0.034176,0.000833,0.027562,0.005462,0.009862,0.025377,0.000084,0.061177,0.006349,0.004964,0.025975,0.010072,0.000874,0.036930,0.007388,0.000175,0.009831,0.005292,0.026313,0.000148,0.000365,0.009246,0.024416,0.000042,0.000155,0.002495,0.001982,0.019791,0.003333,0.000091,0.544705,0.002046,0.000364,0.002991,0.035158
0.031531,0.000008,0.000007,0.000853,0.000507,0.001672,0.000073,0.000100,0.013812,0.000002,0.735983,0.000480,0.000010,0.116008,0.000789,0.000381,0.002624,0.000159,0.000090,0.000120,0.019129,0.002950,0.000001,0.000001,0.045478,0.015140,0.000000,0.000002,0.000002,0.000279,0.003022,0.001190,0.000003,0.007459,0.000014,0.000016,0.000031,0.000073
0.047253,0.000004,0.000001,0.000400,0.004765,0.000223,0.000005,0.000103,0.003660,0.000000,0.829937,0.000002,0.000040,0.000845,0.000011,0.000026,0.012657,0.000050,0.000002,0.000019,0.000955,0.004319,0.000000,0.000002,0.003545,0.024742,0.000000,0.000000,0.000003,0.000075,0.060552,0.000046,0.000000,0.005629,0.000002,0.000046,0.000000,0.000084
0.061038,0.000010,0.000001,0.000015,0.000427,0.000001,0.000016,0.000006,0.001106,0.000002,0.851994,0.000000,0.000096,0.000004,0.000002,0.000022,0.014077,0.000000,0.000006,0.000005,0.000391,0.000058,0.000001,0.000001,0.000037,0.000078,0.000005,0.000000,0.000113,0.000003,0.003704,0.000889,0.000000,0.040383,0.000004,0.024932,0.000000,0.000573
0.104060,0.000011,0.000000,0.000329,0.000059,0.000006,0.000012,0.000002,0.001281,0.000000,0.814106,0.000000,0.000001,0.000152,0.000001,0.000022,0.006072,0.000002,0.000008,0.000005,0.001082,0.001374,0.000000,0.000001,0.006417,0.001668,0.000001,0.000000,0.000001,0.000027,0.049177,0.003296,0.000000,0.010158,0.000001,0.000581,0.000001,0.000083
0.059702,0.000010,0.000001,0.000182,0.001644,0.000001,0.000007,0.000026,0.000299,0.000000,0.822578,0.000000,0.000102,0.000005,0.000005,0.000162,0.086753,0.000003,0.000003,0.000007,0.000450,0.000049,0.000005,0.000001,0.000255,0.000297,0.000001,0.000000,0.000017,0.000024,0.009731,0.000402,0.000000,0.013397,0.000001,0.003636,0.000000,0.000243
0.249620,0.000181,0.000000,0.001138,0.003969,0.000001,0.000033,0.000010,0.000020,0.000000,0.478434,0.000001,0.000125,0.000003,0.000025,0.004689,0.230913,0.000016,0.000005,0.000098,0.002061,0.000041,0.000028,0.000005,0.004944,0.000098,0.000003,0.000001,0.000015,0.000120,0.000252,0.000062,0.000010,0.021708,0.000033,0.001276,0.000001,0.000059
0.031268,0.000148,0.000001,0.000034,0.000197,0.000003,0.000039,0.000001,0.000013,0.000000,0.735926,0.000016,0.000241,0.000093,0.000002,0.000534,0.221748,0.000002,0.000004,0.001292,0.000365,0.000375,0.000018,0.000001,0.000823,0.000073,0.000002,0.000000,0.000000,0.000363,0.000433,0.000018,0.000006,0.005905,0.000033,0.000001,0.000000,0.000022
0.859730,0.000002,0.000000,0.000924,0.001141,0.000000,0.000001,0.000000,0.000679,0.000000,0.000437,0.000000,0.000440,0.000115,0.000003,0.001698,0.129184,0.000000,0.000026,0.000219,0.000161,0.000509,0.000681,0.000007,0.000246,0.000005,0.000029,0.000005,0.000000,0.000001,0.000197,0.001369,0.000000,0.002178,0.000003,0.000006,0.000000,0.000004
0.111317,0.000032,0.000001,0.000008,0.000655,0.000004,0.000003,0.000001,0.000615,0.000000,0.686366,0.000000,0.000015,0.000062,0.000002,0.000000,0.000809,0.000000,0.000002,0.000000,0.000042,0.001905,0.000000,0.000012,0.000014,0.000165,0.000001,0.000000,0.000061,0.000000,0.014317,0.000250,0.000000,0.002950,0.000000,0.179381,0.000000,0.001008
0.001789,0.000011,0.000000,0.000035,0.000016,0.000000,0.000003,0.000001,0.000221,0.000000,0.985332,0.000000,0.000000,0.000012,0.000000,0.000001,0.000203,0.000000,0.000001,0.000000,0.000052,0.001564,0.000000,0.000000,0.001767,0.001532,0.000000,0.000000,0.000001,0.000097,0.002920,0.000012,0.000000,0.004425,0.000000,0.000001,0.000000,0.000002
0.059557,0.000285,0.000050,0.008343,0.606363,0.000981,0.000030,0.000993,0.048448,0.000015,0.014962,0.001695,0.008253,0.063243,0.001226,0.007175,0.019284,0.001906,0.000511,0.004361,0.038122,0.045172,0.000459,0.001613,0.004775,0.012162,0.000010,0.000457,0.000134,0.002369,0.036697,0.003114,0.000128,0.003481,0.000772,0.000484,0.000292,0.002077
0.216371,0.000006,0.000000,0.000047,0.000335,0.000001,0.000003,0.000001,0.000666,0.000000,0.658010,0.000000,0.000006,0.000006,0.000001,0.000014,0.025325,0.000000,0.000001,0.000001,0.000164,0.000082,0.000000,0.000001,0.000135,0.000057,0.000007,0.000000,0.000002,0.000004,0.004684,0.000548,0.000000,0.089398,0.000001,0.004087,0.000000,0.000035
0.016187,0.000255,0.000004,0.000652,0.002233,0.000060,0.000202,0.000041,0.000046,0.000002,0.882000,0.000728,0.002737,0.000411,0.000352,0.010891,0.045406,0.000071,0.000019,0.001373,0.005327,0.000506,0.000060,0.000019,0.007191,0.000559,0.000002,0.000005,0.000030,0.001211,0.000091,0.000030,0.000187,0.020738,0.000245,0.000020,0.000012,0.000098
