0.314913,0.000131,0.000004,0.000007,0.008922,0.000001,0.000253,0.000009,0.000052,0.000002,0.417394,0.000009,0.000271,0.000040,0.000011,0.000794,0.145451,0.000004,0.000008,0.006087,0.017219,0.000079,0.040084,0.000001,0.000045,0.000064,0.000007,0.000003,0.000001,0.004720,0.000027,0.000060,0.000240,0.042633,0.000432,0.000006,0.000002,0.000012
0.000069,0.000000,0.000007,0.635386,0.000010,0.017014,0.000001,0.000613,0.000266,0.000000,0.029457,0.000145,0.000000,0.000045,0.000091,0.000003,0.000001,0.000751,0.000013,0.000000,0.058727,0.000022,0.000000,0.000000,0.030238,0.217564,0.000000,0.000000,0.001425,0.000011,0.004171,0.002051,0.000000,0.000654,0.000000,0.001044,0.000091,0.000129
0.049366,0.013854,0.000057,0.001068,0.018379,0.003219,0.056198,0.006777,0.022374,0.001883,0.722200,0.000349,0.000261,0.000102,0.000064,0.000485,0.008237,0.010592,0.000292,0.021293,0.023336,0.000287,0.001866,0.000019,0.000559,0.001461,0.000063,0.000603,0.000498,0.006286,0.006187,0.006397,0.001883,0.003969,0.002862,0.000197,0.000196,0.006279
0.019877,0.000001,0.000001,0.000151,0.000076,0.000011,0.000002,0.000046,0.000429,0.000000,0.969112,0.000013,0.000002,0.000244,0.000003,0.000009,0.000340,0.000003,0.000003,0.000001,0.000721,0.000098,0.000000,0.000000,0.000074,0.003605,0.000000,0.000000,0.000005,0.000018,0.003105,0.001100,0.000000,0.000783,0.000000,0.000137,0.000001,0.000028
0.115037,0.000088,0.000562,0.070491,0.134253,0.022633,0.001171,0.013173,0.009579,0.000008,0.101535,0.003989,0.058528,0.027753,0.001679,0.015566,0.043487,0.006571,0.000198,0.009367,0.015333,0.015335,0.000136,0.000097,0.004074,0.046060,0.000036,0.000140,0.000090,0.000676,0.007444,0.002815,0.000122,0.259119,0.006317,0.000055,0.000237,0.006247
0.228782,0.000580,0.000010,0.000469,0.061888,0.000018,0.067423,0.008151,0.001478,0.000001,0.073376,0.000817,0.000036,0.000090,0.000003,0.000210,0.085157,0.000429,0.000004,0.009416,0.002380,0.000057,0.000014,0.000001,0.000188,0.000062,0.000010,0.000009,0.000017,0.000589,0.000050,0.004418,0.000037,0.441466,0.007084,0.000010,0.000002,0.005270
0.088941,0.000292,0.000019,0.000935,0.059921,0.000386,0.016728,0.003718,0.000939,0.000035,0.050105,0.000611,0.020904,0.003086,0.002343,0.008099,0.181398,0.001060,0.000318,0.433183,0.003826,0.000448,0.000530,0.000113,0.004890,0.001284,0.000204,0.000558,0.000096,0.000439,0.000620,0.005508,0.013835,0.009626,0.052796,0.000031,0.000045,0.032130
0.084789,0.000012,0.000000,0.000006,0.084026,0.000001,0.000005,0.000001,0.000003,0.000000,0.301757,0.000010,0.003760,0.000294,0.000044,0.020936,0.458827,0.000000,0.000002,0.036878,0.003096,0.000011,0.000037,0.000000,0.000156,0.000003,0.000000,0.000000,0.000000,0.000106,0.000060,0.000007,0.000016,0.005113,0.000031,0.000000,0.000000,0.000012
0.044467,0.000213,0.000039,0.008345,0.404760,0.000090,0.000040,0.002293,0.019223,0.000010,0.077280,0.002582,0.006961,0.002852,0.000230,0.158821,0.026047,0.001617,0.000619,0.000813,0.178145,0.002162,0.000286,0.000279,0.008740,0.006267,0.000012,0.000612,0.000034,0.009464,0.028673,0.002618,0.000695,0.001297,0.000506,0.001485,0.000171,0.001252
0.305728,0.000006,0.000040,0.003676,0.005553,0.000101,0.001998,0.002594,0.001219,0.000000,0.440606,0.000609,0.001896,0.000338,0.000029,0.000651,0.041814,0.000109,0.000002,0.010516,0.001608,0.000154,0.000006,0.000002,0.000071,0.002094,0.000002,0.000004,0.000021,0.000394,0.000173,0.000244,0.000007,0.176650,0.000640,0.000007,0.000009,0.000430
0.043853,0.000048,0.000013,0.000232,0.054187,0.000009,0.001311,0.000354,0.000042,0.000001,0.827561,0.011241,0.000954,0.000311,0.000059,0.008609,0.030847,0.000142,0.000020,0.003738,0.004779,0.000038,0.000124,0.000005,0.001473,0.000157,0.000006,0.000005,0.000027,0.000943,0.000025,0.000023,0.005302,0.002713,0.000442,0.000003,0.000009,0.000396
0.071477,0.000096,0.000016,0.011158,0.048801,0.000162,0.000144,0.000366,0.000195,0.000002,0.651899,0.000378,0.004597,0.000244,0.000766,0.120459,0.023332,0.000852,0.000097,0.002044,0.033617,0.000272,0.000218,0.000034,0.017149,0.001237,0.000012,0.000069,0.000169,0.001535,0.001831,0.000325,0.000403,0.005254,0.000260,0.000277,0.000018,0.000235
