0.005175,0.006269,0.000410,0.049113,0.000031,0.000185,0.000248,0.006982,0.039982,0.000694,0.000185,0.287206,0.000059,0.000395,0.000156,0.004979,0.000246,0.120954,0.016513,0.000041,0.122591,0.002431,0.000504,0.000607,0.002673,0.015411,0.000049,0.000111,0.000563,0.003820,0.025087,0.028705,0.000138,0.001021,0.000252,0.000050,0.145743,0.110421
0.183517,0.019135,0.000061,0.018254,0.004115,0.000091,0.007321,0.002711,0.006803,0.005298,0.005603,0.006712,0.000438,0.001529,0.001774,0.042446,0.026249,0.009349,0.009121,0.006263,0.052073,0.022384,0.000126,0.082362,0.100193,0.016855,0.000071,0.000279,0.000085,0.012810,0.007167,0.020786,0.153109,0.000572,0.113340,0.001901,0.007141,0.051956
0.004878,0.015077,0.000169,0.017340,0.000003,0.000077,0.000129,0.004680,0.098935,0.000273,0.000099,0.219120,0.000037,0.000147,0.000049,0.000879,0.000072,0.186971,0.040266,0.000011,0.047253,0.001063,0.000073,0.000351,0.000277,0.004499,0.000026,0.000039,0.000080,0.001759,0.035316,0.055719,0.000047,0.000200,0.000073,0.000009,0.172366,0.091638
0.007133,0.002520,0.000096,0.047499,0.000056,0.000072,0.000186,0.044071,0.049499,0.000429,0.000037,0.172880,0.000130,0.005032,0.000051,0.003596,0.000043,0.230550,0.016176,0.000050,0.111478,0.010663,0.000037,0.000323,0.000102,0.020751,0.000028,0.000044,0.000065,0.012516,0.045296,0.005708,0.000121,0.000126,0.000718,0.000012,0.091036,0.120872
0.000112,0.000287,0.000076,0.034834,0.000000,0.000088,0.000005,0.000167,0.008585,0.000026,0.000025,0.394080,0.000004,0.000008,0.000044,0.001637,0.000004,0.189464,0.003986,0.000001,0.036376,0.000146,0.000068,0.000050,0.000460,0.000404,0.000002,0.000003,0.000056,0.000476,0.020224,0.009230,0.000032,0.000087,0.000002,0.000002,0.112957,0.185989
0.049085,0.018361,0.000120,0.001429,0.002453,0.000019,0.000920,0.000860,0.071349,0.035348,0.005491,0.015686,0.000076,0.027456,0.002399,0.003613,0.004727,0.004915,0.052040,0.000865,0.045626,0.454989,0.000297,0.129722,0.022190,0.010357,0.000037,0.000173,0.000110,0.010594,0.007416,0.001078,0.003650,0.000714,0.005923,0.000599,0.002276,0.007035
0.000438,0.001158,0.000090,0.016173,0.000000,0.000074,0.000019,0.000300,0.004938,0.000037,0.000007,0.265285,0.000008,0.000009,0.000044,0.002600,0.000010,0.147559,0.016306,0.000001,0.020814,0.000065,0.000078,0.000138,0.000253,0.000690,0.000003,0.000011,0.000058,0.000572,0.009082,0.016203,0.000089,0.000089,0.000004,0.000005,0.210439,0.286354
0.000837,0.000812,0.000089,0.007357,0.000001,0.000046,0.000036,0.001327,0.013782,0.000112,0.000007,0.114820,0.000007,0.000052,0.000006,0.000392,0.000005,0.413474,0.046008,0.000002,0.033787,0.000063,0.000009,0.000328,0.000022,0.002169,0.000006,0.000009,0.000005,0.000112,0.008223,0.073894,0.000035,0.000023,0.000030,0.000002,0.196450,0.085665
0.210241,0.000255,0.000005,0.016923,0.071831,0.000149,0.000011,0.000153,0.004848,0.000001,0.171236,0.000002,0.000032,0.000542,0.000030,0.000256,0.002937,0.000717,0.000078,0.000017,0.039111,0.002458,0.000003,0.000029,0.076944,0.022698,0.000001,0.000028,0.000063,0.000134,0.225295,0.005928,0.000010,0.001209,0.000025,0.141777,0.000044,0.003976
0.000255,0.003357,0.000015,0.006900,0.000001,0.000022,0.000010,0.001103,0.013670,0.000054,0.000006,0.508738,0.000008,0.000149,0.000006,0.023034,0.000005,0.080132,0.032891,0.000001,0.025339,0.000571,0.000195,0.000242,0.000061,0.000940,0.000001,0.000007,0.000019,0.002884,0.018623,0.002430,0.000113,0.000102,0.000003,0.000010,0.090019,0.188084
0.002093,0.007519,0.000066,0.025779,0.000005,0.000073,0.000046,0.012975,0.066992,0.000293,0.000018,0.203868,0.000035,0.000630,0.000010,0.002623,0.000014,0.320882,0.040056,0.000006,0.048841,0.001353,0.000019,0.000170,0.000048,0.005244,0.000013,0.000015,0.000037,0.003348,0.056556,0.010709,0.000023,0.000091,0.000064,0.000007,0.127618,0.061862
0.001164,0.001025,0.000085,0.009959,0.000095,0.000310,0.000032,0.032489,0.040124,0.000270,0.000034,0.089844,0.000029,0.007302,0.000095,0.003294,0.000005,0.497068,0.075130,0.000013,0.050999,0.023032,0.000016,0.000410,0.000084,0.044264,0.000009,0.000023,0.000019,0.001770,0.020549,0.000561,0.000087,0.000043,0.000346,0.000015,0.088037,0.011369
0.000299,0.000332,0.000004,0.810125,0.000255,0.000105,0.000002,0.000499,0.000012,0.000000,0.000106,0.000005,0.000000,0.000014,0.000023,0.000025,0.000002,0.034161,0.000042,0.000000,0.013988,0.000010,0.000000,0.000001,0.099203,0.025905,0.000000,0.000001,0.001262,0.000029,0.005190,0.000521,0.000001,0.000050,0.000007,0.007680,0.000111,0.000032
0.000739,0.002683,0.000050,0.003803,0.000001,0.000007,0.000016,0.000548,0.014323,0.000043,0.000002,0.386094,0.000005,0.000044,0.000010,0.001266,0.000012,0.120487,0.051013,0.000001,0.038739,0.000118,0.000097,0.000475,0.000023,0.000514,0.000004,0.000027,0.000012,0.000439,0.009644,0.006675,0.000054,0.000043,0.000006,0.000003,0.110605,0.251375
0.002216,0.001639,0.000107,0.111402,0.000011,0.000331,0.000026,0.028575,0.013643,0.000050,0.000027,0.051003,0.000009,0.001294,0.000080,0.000384,0.000013,0.299413,0.008476,0.000006,0.102470,0.000542,0.000027,0.000058,0.000096,0.026655,0.000012,0.000037,0.000041,0.001436,0.061690,0.035781,0.000006,0.000193,0.000095,0.000011,0.238981,0.013165
0.030302,0.000135,0.000047,0.018149,0.024949,0.000680,0.003684,0.013682,0.079267,0.000017,0.379967,0.000022,0.000262,0.001103,0.000056,0.000248,0.012690,0.007203,0.000094,0.000595,0.002188,0.006023,0.000020,0.000020,0.013689,0.080499,0.000001,0.000026,0.000743,0.000125,0.015260,0.013845,0.000010,0.225056,0.000622,0.007875,0.000272,0.060574
0.005133,0.000026,0.000010,0.354601,0.010216,0.003083,0.000013,0.000731,0.000190,0.000000,0.000121,0.000002,0.000001,0.008980,0.001749,0.000002,0.000008,0.043960,0.000119,0.000000,0.077789,0.000226,0.000001,0.000003,0.071767,0.385203,0.000000,0.000002,0.000019,0.000002,0.013570,0.001092,0.000001,0.000380,0.000033,0.003178,0.017571,0.000219
0.003820,0.001662,0.000339,0.006985,0.000147,0.000383,0.000197,0.014040,0.018544,0.000100,0.000022,0.001838,0.000011,0.001995,0.000436,0.000097,0.000019,0.499731,0.290857,0.000004,0.021309,0.000098,0.000006,0.000319,0.000205,0.042616,0.000003,0.000103,0.000007,0.000141,0.004317,0.025133,0.000112,0.000021,0.002336,0.000017,0.061411,0.000619
0.001301,0.001083,0.000080,0.032803,0.000001,0.000024,0.000015,0.000258,0.001671,0.000018,0.000007,0.073202,0.000003,0.000006,0.000039,0.000186,0.000009,0.136084,0.002973,0.000001,0.017630,0.000012,0.000122,0.000164,0.000232,0.000264,0.000006,0.000026,0.000066,0.000079,0.005449,0.063036,0.000027,0.000175,0.000005,0.000005,0.456962,0.205976
0.002624,0.001373,0.000067,0.232041,0.000007,0.001247,0.000029,0.060914,0.026362,0.000068,0.000013,0.133811,0.000131,0.012561,0.000028,0.018680,0.000008,0.143817,0.001255,0.000010,0.009628,0.002105,0.000031,0.000158,0.000049,0.002510,0.000031,0.000033,0.000148,0.011617,0.116257,0.002519,0.000008,0.000142,0.000012,0.000068,0.149174,0.070463
0.003054,0.004693,0.000422,0.015477,0.000005,0.000044,0.000113,0.002504,0.020709,0.000117,0.000018,0.139894,0.000026,0.000098,0.000049,0.000329,0.000018,0.289340,0.068114,0.000006,0.050023,0.000109,0.000075,0.001073,0.000080,0.002536,0.000020,0.000096,0.000068,0.000344,0.011890,0.089310,0.000105,0.000124,0.000074,0.000014,0.250939,0.048091
0.000822,0.000609,0.000050,0.002334,0.000000,0.000005,0.000015,0.000064,0.001775,0.000014,0.000001,0.179541,0.000002,0.000001,0.000005,0.000273,0.000003,0.139212,0.021341,0.000000,0.013375,0.000004,0.000032,0.000325,0.000053,0.000118,0.000001,0.000013,0.000002,0.000042,0.001017,0.013198,0.000175,0.000015,0.000002,0.000001,0.392431,0.233124
0.051892,0.002500,0.000026,0.006237,0.015384,0.000155,0.003023,0.000427,0.002768,0.000133,0.080697,0.000002,0.000079,0.000852,0.000077,0.000159,0.005035,0.002675,0.000035,0.000265,0.005959,0.005780,0.000015,0.000200,0.067416,0.001206,0.000018,0.000048,0.000164,0.000127,0.045223,0.031908,0.000139,0.028411,0.000576,0.600308,0.000175,0.039906
0.001180,0.002927,0.000131,0.030396,0.000005,0.000076,0.000047,0.001164,0.002749,0.000083,0.000008,0.099309,0.000008,0.000031,0.000040,0.001847,0.000033,0.221015,0.016035,0.000003,0.014990,0.000063,0.000232,0.000764,0.000630,0.002873,0.000007,0.000039,0.000198,0.000305,0.008277,0.048643,0.000153,0.000214,0.000020,0.000057,0.329721,0.215727
0.011893,0.034725,0.000061,0.129293,0.000005,0.000020,0.000012,0.002949,0.012088,0.000036,0.000009,0.128071,0.000007,0.000111,0.000037,0.000830,0.000081,0.206121,0.002288,0.000002,0.010033,0.000078,0.000085,0.000253,0.001786,0.000722,0.000015,0.000064,0.000149,0.000460,0.083104,0.030029,0.000012,0.000458,0.000002,0.000169,0.236484,0.107456
0.001184,0.001261,0.000045,0.005447,0.000001,0.000037,0.000048,0.000868,0.002653,0.000053,0.000003,0.077399,0.000007,0.000015,0.000008,0.001357,0.000004,0.133538,0.032757,0.000002,0.013316,0.000042,0.000016,0.000591,0.000037,0.001052,0.000007,0.000027,0.000009,0.000125,0.002333,0.025118,0.000106,0.000026,0.000020,0.000004,0.310915,0.389569
0.002280,0.000037,0.000016,0.009093,0.018510,0.586284,0.000070,0.001778,0.002309,0.000008,0.003071,0.000026,0.000196,0.009272,0.000139,0.000025,0.000185,0.036907,0.000058,0.000060,0.005067,0.001986,0.000057,0.000045,0.001931,0.037148,0.000001,0.000079,0.000023,0.000067,0.261670,0.002258,0.000002,0.000332,0.000025,0.007978,0.004246,0.006762
0.010328,0.000832,0.000188,0.107236,0.000275,0.009877,0.000386,0.009130,0.009809,0.000162,0.000087,0.001728,0.000084,0.005495,0.001062,0.000530,0.000136,0.191403,0.007982,0.000086,0.010589,0.001595,0.000109,0.000681,0.001457,0.022167,0.000260,0.000237,0.000305,0.000116,0.018720,0.255504,0.000039,0.009816,0.001747,0.000674,0.281269,0.037899
0.014362,0.013284,0.000059,0.008194,0.000003,0.000003,0.000055,0.003496,0.027046,0.000065,0.000002,0.323777,0.000011,0.000259,0.000012,0.000922,0.000011,0.100246,0.050964,0.000001,0.049111,0.000279,0.000091,0.000640,0.000023,0.000415,0.000007,0.000075,0.000009,0.000860,0.028041,0.003361,0.000042,0.000056,0.000013,0.000006,0.194922,0.179280
0.003116,0.073463,0.000161,0.005688,0.000003,0.000039,0.000369,0.007910,0.250497,0.000357,0.000037,0.063823,0.000025,0.000515,0.000065,0.000265,0.000118,0.218217,0.111924,0.000012,0.048018,0.000572,0.000023,0.000573,0.000077,0.004436,0.000016,0.000031,0.000021,0.001004,0.010572,0.062574,0.000044,0.000125,0.000554,0.000004,0.087348,0.047403
0.006286,0.015418,0.000013,0.004148,0.000005,0.000001,0.000023,0.001615,0.019991,0.000054,0.000001,0.310024,0.000001,0.000094,0.000002,0.001112,0.000035,0.201547,0.028949,0.000001,0.019542,0.000172,0.000066,0.001945,0.000071,0.000443,0.000001,0.000030,0.000004,0.000278,0.011008,0.003011,0.000089,0.000028,0.000007,0.000053,0.145143,0.228791
