0.000137,0.000019,0.000000,0.212089,0.003395,0.286683,0.000000,0.003886,0.005006,0.000000,0.000470,0.000001,0.000000,0.001137,0.000004,0.000008,0.000001,0.014319,0.000001,0.000000,0.025673,0.000578,0.000000,0.000000,0.006504,0.208351,0.000000,0.000000,0.000021,0.000054,0.227196,0.000154,0.000000,0.000090,0.000000,0.003843,0.000251,0.000128
0.007638,0.000003,0.000043,0.000009,0.000036,0.000011,0.000085,0.002182,0.001450,0.000000,0.000093,0.171896,0.001619,0.030018,0.008094,0.019897,0.000014,0.000052,0.000021,0.002317,0.426889,0.000021,0.000065,0.000002,0.000029,0.015952,0.000000,0.022198,0.000000,0.255983,0.000102,0.032255,0.000944,0.000026,0.000035,0.000001,0.000009,0.000007
0.085612,0.000093,0.000009,0.000011,0.147807,0.000003,0.002470,0.003468,0.367151,0.000052,0.000436,0.000333,0.000059,0.000158,0.025998,0.002500,0.000491,0.000275,0.000053,0.001035,0.012490,0.000012,0.000000,0.000002,0.000071,0.000534,0.000001,0.001534,0.000057,0.345072,0.000614,0.000918,0.000252,0.000021,0.000146,0.000019,0.000009,0.000233
0.000026,0.000001,0.000221,0.000004,0.000003,0.000000,0.000025,0.000084,0.007184,0.000007,0.000002,0.543681,0.000020,0.000001,0.001465,0.000008,0.000001,0.000244,0.000071,0.000003,0.010313,0.000000,0.000002,0.000001,0.000266,0.000024,0.000000,0.000413,0.000046,0.159940,0.000064,0.001215,0.274565,0.000003,0.000030,0.000001,0.000020,0.000045
0.002541,0.003816,0.000160,0.001249,0.096310,0.000010,0.000434,0.000655,0.005650,0.000056,0.000739,0.031593,0.000036,0.001926,0.000972,0.004460,0.000695,0.015756,0.079853,0.000915,0.072763,0.000182,0.000270,0.000460,0.000996,0.006424,0.000033,0.014430,0.000024,0.000557,0.000309,0.012143,0.618836,0.000595,0.002208,0.000289,0.007155,0.014498
0.000169,0.000002,0.000026,0.000002,0.000863,0.000000,0.000052,0.000455,0.733139,0.000054,0.000001,0.009908,0.000016,0.000001,0.002771,0.000073,0.000009,0.000461,0.000061,0.000024,0.001417,0.000000,0.000000,0.000002,0.000010,0.000171,0.000000,0.007661,0.000017,0.183599,0.000025,0.002821,0.056012,0.000001,0.000127,0.000023,0.000011,0.000015
0.002886,0.000000,0.000022,0.000001,0.000186,0.000000,0.000084,0.000251,0.551127,0.000004,0.000001,0.007365,0.000039,0.000033,0.000382,0.001801,0.000010,0.000127,0.000006,0.000109,0.002694,0.000000,0.000000,0.000000,0.000003,0.001197,0.000000,0.151642,0.000000,0.265789,0.000010,0.004235,0.008951,0.000001,0.001031,0.000001,0.000007,0.000004
0.000631,0.000010,0.000008,0.174593,0.000600,0.168568,0.000018,0.001088,0.001575,0.000001,0.000239,0.000030,0.000007,0.004579,0.000059,0.000011,0.000021,0.042188,0.000030,0.000004,0.003215,0.001249,0.000001,0.000001,0.002270,0.583797,0.000000,0.000005,0.000007,0.000055,0.011111,0.000969,0.000000,0.000398,0.000031,0.000065,0.002415,0.000146
0.006365,0.000007,0.000013,0.000003,0.004024,0.000009,0.000235,0.006022,0.000948,0.000041,0.000157,0.008357,0.000026,0.005064,0.002865,0.001876,0.000017,0.000277,0.000020,0.007706,0.268297,0.000007,0.000020,0.000001,0.000040,0.001757,0.000001,0.002851,0.000007,0.537441,0.000184,0.141181,0.004112,0.000005,0.000047,0.000009,0.000006,0.000006
0.499001,0.000071,0.000003,0.000002,0.002165,0.000003,0.000666,0.014758,0.011839,0.000125,0.000591,0.000969,0.000011,0.000761,0.021997,0.000527,0.000040,0.000716,0.000031,0.000865,0.232340,0.000018,0.000021,0.000002,0.000787,0.000763,0.000000,0.000069,0.000004,0.178865,0.000049,0.025065,0.006580,0.000029,0.000160,0.000026,0.000028,0.000051
0.000717,0.000007,0.000204,0.000110,0.017580,0.000013,0.000392,0.003744,0.737218,0.000353,0.000023,0.006889,0.000019,0.000006,0.167641,0.000042,0.000010,0.002309,0.000075,0.000274,0.005960,0.000000,0.000000,0.000009,0.000506,0.000296,0.000001,0.003989,0.000305,0.033709,0.000128,0.013388,0.000790,0.000049,0.002907,0.000062,0.000021,0.000255
0.030164,0.001181,0.000066,0.018034,0.001906,0.000803,0.003205,0.005570,0.001287,0.000029,0.458665,0.000009,0.000016,0.000211,0.000051,0.000023,0.000353,0.003515,0.000017,0.000025,0.002097,0.000679,0.000001,0.000019,0.043311,0.002704,0.000004,0.000004,0.013450,0.000017,0.022982,0.010170,0.000006,0.072987,0.000042,0.273851,0.000025,0.032521
