0.086157,0.097357,0.000008,0.000057,0.000007,0.000133,0.309229,0.000088,0.081381,0.000143,0.000064,0.000002,0.000012,0.000011,0.000577,0.000001,0.003037,0.000038,0.000082,0.000355,0.000018,0.222793,0.000034,0.006807,0.043906,0.000011,0.000006,0.000014,0.000255,0.000017,0.000717,0.000003,0.000017,0.000045,0.000084,0.145968,0.000028,0.000536
0.100932,0.175999,0.000037,0.000040,0.000050,0.000055,0.572689,0.000036,0.037562,0.005339,0.000282,0.000003,0.000485,0.000003,0.000523,0.000001,0.000436,0.000038,0.000290,0.000077,0.000011,0.015346,0.000004,0.002833,0.003645,0.000014,0.000034,0.000104,0.018330,0.000009,0.008250,0.000009,0.000032,0.000116,0.000367,0.052305,0.000018,0.003693
0.354356,0.001241,0.000001,0.000651,0.000021,0.008898,0.000004,0.000362,0.007262,0.000000,0.000302,0.000008,0.000000,0.010741,0.009460,0.000000,0.000085,0.007878,0.000031,0.000017,0.000113,0.507240,0.000000,0.000009,0.077906,0.000112,0.000000,0.000000,0.000000,0.000018,0.007321,0.000002,0.000000,0.000172,0.000003,0.000002,0.000250,0.005535
0.021867,0.005445,0.000028,0.000051,0.000029,0.000036,0.008230,0.000026,0.004998,0.000042,0.037672,0.000003,0.000026,0.000376,0.000109,0.000001,0.004742,0.000011,0.000070,0.000085,0.000014,0.734984,0.000005,0.001076,0.000105,0.000060,0.000105,0.000003,0.000624,0.000007,0.173198,0.000649,0.000005,0.000791,0.000033,0.003260,0.000008,0.001224
0.201300,0.004347,0.000001,0.000804,0.000147,0.000093,0.000005,0.000085,0.003177,0.000001,0.004554,0.000088,0.000016,0.006275,0.000104,0.000026,0.000495,0.000996,0.000024,0.001547,0.000113,0.701216,0.000004,0.008637,0.005934,0.000017,0.000002,0.000001,0.000001,0.000447,0.055600,0.000002,0.000005,0.000004,0.000007,0.000007,0.000173,0.003742
0.290315,0.013413,0.000012,0.006810,0.000000,0.000092,0.000142,0.000018,0.020579,0.000000,0.000034,0.000000,0.000216,0.000013,0.000925,0.000001,0.000996,0.000002,0.000008,0.007352,0.000000,0.646041,0.000402,0.000915,0.001893,0.000003,0.000054,0.000001,0.000000,0.000010,0.000035,0.000010,0.000000,0.000187,0.009456,0.000003,0.000004,0.000054
0.005848,0.008667,0.000009,0.064345,0.001848,0.003471,0.000037,0.049294,0.015395,0.000280,0.002866,0.000127,0.000012,0.001686,0.000008,0.009966,0.000039,0.301385,0.000875,0.000008,0.092566,0.042771,0.000008,0.000144,0.146695,0.086731,0.000002,0.000013,0.000016,0.003303,0.141615,0.000761,0.000010,0.000077,0.000148,0.004145,0.010344,0.004487
0.002882,0.004407,0.000001,0.000134,0.007320,0.000029,0.000008,0.003064,0.299365,0.000002,0.001544,0.000056,0.000005,0.004982,0.000009,0.000083,0.000036,0.007310,0.000042,0.000015,0.005626,0.566069,0.000001,0.000507,0.003319,0.000294,0.000000,0.000000,0.000001,0.002461,0.089203,0.000001,0.000000,0.000002,0.000004,0.000014,0.000293,0.000911
0.010808,0.000951,0.000129,0.004930,0.000000,0.000165,0.000357,0.000039,0.003327,0.000000,0.000008,0.000002,0.000278,0.000056,0.014770,0.000000,0.000092,0.000006,0.001309,0.000064,0.000002,0.961348,0.000088,0.000417,0.000228,0.000005,0.000022,0.000017,0.000003,0.000004,0.000207,0.000007,0.000003,0.000023,0.000206,0.000092,0.000014,0.000023
0.012035,0.003827,0.000051,0.002594,0.022923,0.000540,0.000122,0.004972,0.416039,0.000357,0.043929,0.000551,0.000047,0.002017,0.000117,0.002843,0.001424,0.035353,0.002966,0.000076,0.014514,0.166848,0.000029,0.001038,0.038217,0.016385,0.000011,0.000083,0.000073,0.007299,0.187256,0.000345,0.000050,0.000286,0.000158,0.001215,0.001290,0.012121
0.551874,0.000014,0.000641,0.080707,0.000001,0.015181,0.006640,0.000137,0.003487,0.000001,0.000377,0.000001,0.148428,0.000149,0.000127,0.000007,0.000114,0.000015,0.000651,0.000081,0.000137,0.011434,0.000045,0.000001,0.005113,0.000395,0.000004,0.000029,0.000001,0.000010,0.011948,0.000160,0.000004,0.159510,0.002094,0.000004,0.000444,0.000034
0.003140,0.000784,0.000013,0.003755,0.066537,0.000417,0.000080,0.012393,0.403625,0.000218,0.038734,0.001744,0.000390,0.009248,0.000049,0.004621,0.000463,0.033123,0.000332,0.000238,0.105215,0.156441,0.000078,0.000070,0.002025,0.058846,0.000003,0.000150,0.000018,0.076116,0.015301,0.000081,0.000046,0.000095,0.000663,0.000086,0.001411,0.003450
0.000189,0.000897,0.000057,0.361359,0.000911,0.002128,0.000021,0.000351,0.000056,0.000002,0.001166,0.000066,0.000001,0.030610,0.000952,0.000028,0.000023,0.024881,0.000041,0.000004,0.015255,0.001788,0.000001,0.000017,0.461255,0.064561,0.000000,0.000008,0.000290,0.000015,0.031307,0.000475,0.000015,0.000179,0.000086,0.000269,0.000596,0.000137
