0.116352,0.000082,0.000003,0.000674,0.767223,0.000009,0.000049,0.000061,0.000415,0.000010,0.025735,0.000040,0.004267,0.000192,0.000081,0.035818,0.004859,0.000113,0.000431,0.001227,0.023116,0.000271,0.000138,0.000193,0.003261,0.000112,0.000009,0.000289,0.000238,0.000374,0.001128,0.000174,0.000235,0.000708,0.000555,0.010485,0.000023,0.001051
0.878201,0.010011,0.000002,0.000467,0.000013,0.000070,0.000067,0.000022,0.002495,0.000000,0.027792,0.000011,0.000049,0.001077,0.000307,0.000010,0.009206,0.000043,0.000008,0.029113,0.000013,0.025868,0.000085,0.002788,0.001098,0.000001,0.000004,0.000003,0.000000,0.000198,0.000407,0.000010,0.000041,0.000068,0.000291,0.000027,0.000007,0.010126
0.083011,0.000015,0.000001,0.000003,0.000677,0.000000,0.000016,0.000076,0.000306,0.000001,0.000027,0.000945,0.000003,0.000001,0.000377,0.000190,0.000232,0.000126,0.000018,0.000018,0.006105,0.000000,0.000001,0.000002,0.000055,0.000024,0.000000,0.000030,0.000000,0.000264,0.000001,0.000161,0.907227,0.000001,0.000011,0.000004,0.000005,0.000067
0.109182,0.000010,0.000051,0.000014,0.001480,0.000005,0.000133,0.001560,0.004989,0.000004,0.000194,0.014271,0.000365,0.000183,0.019075,0.114976,0.000317,0.000103,0.000074,0.002205,0.521543,0.000008,0.000075,0.000006,0.000060,0.002050,0.000003,0.014523,0.000002,0.156279,0.000060,0.005466,0.030611,0.000007,0.000059,0.000007,0.000035,0.000016
0.934184,0.000000,0.000000,0.000000,0.000207,0.000000,0.000002,0.000008,0.000075,0.000000,0.000050,0.000112,0.000017,0.000119,0.000232,0.044195,0.000056,0.000001,0.000001,0.000147,0.008549,0.000000,0.000004,0.000000,0.000002,0.000033,0.000000,0.000012,0.000000,0.011119,0.000003,0.000032,0.000836,0.000001,0.000002,0.000000,0.000000,0.000001
0.856613,0.000023,0.000002,0.000000,0.005466,0.000000,0.000108,0.000021,0.007235,0.000002,0.000018,0.000572,0.000015,0.000003,0.000037,0.002354,0.000835,0.000012,0.000007,0.000063,0.076046,0.000001,0.000002,0.000000,0.000002,0.000058,0.000000,0.000059,0.000000,0.039060,0.000018,0.000643,0.010548,0.000007,0.000149,0.000000,0.000001,0.000020
0.987484,0.000001,0.000000,0.000001,0.000022,0.000002,0.000002,0.000006,0.000293,0.000000,0.001522,0.000026,0.000003,0.005617,0.000273,0.000399,0.000342,0.000001,0.000002,0.000386,0.000540,0.000077,0.000006,0.000000,0.000192,0.000011,0.000000,0.000000,0.000000,0.002489,0.000153,0.000061,0.000009,0.000069,0.000001,0.000000,0.000000,0.000008
0.981675,0.001314,0.000001,0.000015,0.000002,0.000219,0.000035,0.000003,0.000252,0.000001,0.003452,0.000003,0.000003,0.000016,0.000030,0.000001,0.000212,0.000243,0.000008,0.000487,0.000002,0.003771,0.000013,0.003596,0.000453,0.000001,0.000012,0.000003,0.000001,0.000029,0.000919,0.000001,0.000003,0.000002,0.000015,0.000081,0.000015,0.003110
0.197188,0.000453,0.000003,0.000924,0.000040,0.000164,0.000224,0.000009,0.000530,0.000007,0.041626,0.000006,0.001029,0.001367,0.000060,0.000189,0.609140,0.000009,0.000025,0.110435,0.000079,0.018385,0.000465,0.001742,0.001630,0.000022,0.000019,0.000014,0.000002,0.000314,0.004978,0.001413,0.000022,0.005318,0.000430,0.000054,0.000004,0.001681
0.162612,0.000684,0.000046,0.570281,0.000001,0.000890,0.008340,0.000328,0.004351,0.000008,0.000453,0.000005,0.002888,0.000014,0.002223,0.000153,0.039008,0.000122,0.000922,0.133962,0.000016,0.006478,0.000466,0.000073,0.034167,0.000021,0.002227,0.000005,0.000004,0.003898,0.006501,0.001001,0.002047,0.003291,0.004464,0.000028,0.007421,0.000604
0.961682,0.000007,0.000000,0.000001,0.007803,0.000001,0.000028,0.000036,0.000994,0.000000,0.000047,0.000205,0.000002,0.002158,0.000130,0.007839,0.000033,0.000015,0.000002,0.001302,0.003548,0.000001,0.000001,0.000000,0.000027,0.000072,0.000000,0.000033,0.000000,0.013004,0.000018,0.000830,0.000158,0.000006,0.000010,0.000000,0.000000,0.000005
0.881134,0.000021,0.000001,0.005013,0.000792,0.000003,0.000003,0.000001,0.000010,0.000000,0.000982,0.000000,0.017219,0.000002,0.000012,0.005304,0.048878,0.000000,0.000001,0.003920,0.000034,0.000026,0.000116,0.000011,0.000236,0.000002,0.000149,0.000011,0.000001,0.000002,0.000090,0.000236,0.000004,0.035391,0.000374,0.000006,0.000000,0.000013
0.936346,0.000024,0.000000,0.000001,0.012666,0.000000,0.000200,0.000035,0.020142,0.000001,0.000061,0.000001,0.000000,0.000000,0.001162,0.000019,0.000968,0.000431,0.000007,0.000002,0.000144,0.000000,0.000000,0.000000,0.000033,0.000003,0.000000,0.000001,0.000000,0.000034,0.000019,0.000348,0.020662,0.000004,0.000383,0.000007,0.000001,0.006295
0.059934,0.000003,0.000000,0.000001,0.000135,0.000000,0.000045,0.000229,0.074383,0.000005,0.000013,0.000007,0.000000,0.000000,0.000080,0.000002,0.000070,0.001966,0.000042,0.000000,0.000081,0.000000,0.000000,0.000000,0.000051,0.000010,0.000000,0.000001,0.000000,0.000011,0.000001,0.003075,0.857922,0.000003,0.000388,0.000032,0.000008,0.001501
0.729824,0.000014,0.000000,0.000003,0.201228,0.000000,0.000072,0.000073,0.003919,0.000001,0.000056,0.000030,0.000006,0.000001,0.021572,0.000498,0.000678,0.000086,0.000007,0.000007,0.004661,0.000000,0.000000,0.000000,0.000028,0.000026,0.000000,0.000019,0.000001,0.000447,0.000003,0.000226,0.036408,0.000016,0.000032,0.000006,0.000001,0.000053
0.599993,0.000002,0.000000,0.000002,0.040982,0.000000,0.000185,0.000686,0.342418,0.000017,0.000086,0.000006,0.000001,0.000001,0.009282,0.000080,0.000044,0.000474,0.000015,0.000012,0.000344,0.000000,0.000000,0.000000,0.000050,0.000014,0.000000,0.000009,0.000004,0.000169,0.000005,0.000265,0.002893,0.000001,0.000311,0.000001,0.000002,0.001647
0.746518,0.000013,0.000001,0.000086,0.037460,0.000001,0.000101,0.000258,0.001865,0.000002,0.043284,0.000039,0.000121,0.000302,0.000294,0.001772,0.141846,0.000006,0.000008,0.000823,0.009882,0.000014,0.000019,0.000001,0.000028,0.000115,0.000002,0.000009,0.000003,0.003899,0.000092,0.004825,0.000077,0.006026,0.000163,0.000015,0.000002,0.000029
0.061612,0.014725,0.001306,0.262347,0.001886,0.001603,0.000360,0.053401,0.017464,0.000456,0.000188,0.022463,0.000740,0.016232,0.003836,0.051872,0.002593,0.080485,0.053206,0.000643,0.078233,0.002086,0.001754,0.003708,0.000534,0.016787,0.000586,0.002464,0.000113,0.008828,0.052386,0.096914,0.002743,0.000273,0.007869,0.000579,0.069019,0.007704
0.004480,0.023010,0.000454,0.024561,0.000041,0.000123,0.000130,0.004417,0.007876,0.000325,0.000009,0.013848,0.000022,0.000208,0.000058,0.000612,0.000102,0.408224,0.072773,0.000012,0.012192,0.000066,0.000068,0.002078,0.000190,0.009344,0.000025,0.000310,0.000069,0.000352,0.006416,0.163235,0.000283,0.000100,0.000329,0.000190,0.201875,0.041593
0.007449,0.019486,0.000193,0.065474,0.000008,0.000166,0.000061,0.005430,0.002277,0.000180,0.000001,0.008100,0.000006,0.000172,0.000028,0.000812,0.000068,0.340735,0.019921,0.000005,0.002107,0.000024,0.000031,0.001391,0.000152,0.002275,0.000014,0.000144,0.000018,0.000127,0.014996,0.112574,0.000092,0.000065,0.000094,0.000067,0.332382,0.062873
0.001352,0.004817,0.000075,0.008255,0.000001,0.000007,0.000012,0.000415,0.001666,0.000034,0.000000,0.014928,0.000001,0.000017,0.000004,0.000151,0.000007,0.408487,0.090094,0.000000,0.003988,0.000006,0.000013,0.001768,0.000020,0.000368,0.000003,0.000041,0.000003,0.000028,0.002661,0.046352,0.000038,0.000027,0.000008,0.000017,0.351707,0.062629
0.001972,0.008489,0.000181,0.084490,0.000007,0.000203,0.000043,0.003979,0.001844,0.000106,0.000001,0.007951,0.000004,0.000116,0.000033,0.000332,0.000018,0.315417,0.011237,0.000003,0.001888,0.000015,0.000036,0.001175,0.000221,0.002058,0.000010,0.000064,0.000066,0.000120,0.015380,0.069954,0.000019,0.000148,0.000018,0.000099,0.407246,0.065056
0.435352,0.020049,0.000056,0.052413,0.004818,0.000010,0.000192,0.000711,0.000963,0.000064,0.000258,0.001087,0.000258,0.000402,0.000443,0.210539,0.004062,0.002043,0.019820,0.000625,0.102790,0.000668,0.002556,0.001742,0.004868,0.000932,0.000135,0.010300,0.000023,0.003657,0.008348,0.037621,0.010267,0.000140,0.012503,0.037729,0.010046,0.001508
0.423879,0.000703,0.000072,0.073927,0.001821,0.000024,0.001081,0.000619,0.000694,0.000010,0.002489,0.000250,0.002568,0.000631,0.014413,0.091543,0.004383,0.001009,0.072781,0.007250,0.015260,0.002195,0.002195,0.000302,0.015075,0.002611,0.000404,0.000813,0.000004,0.003742,0.001415,0.004414,0.123446,0.000661,0.100384,0.000345,0.026423,0.000166
0.605871,0.000052,0.000014,0.024092,0.000097,0.000023,0.000892,0.000102,0.000750,0.000005,0.002337,0.000025,0.000337,0.000127,0.002142,0.008778,0.000955,0.000116,0.096489,0.002572,0.003337,0.004001,0.000179,0.000017,0.022017,0.000751,0.000089,0.000126,0.000001,0.006932,0.000305,0.000269,0.005557,0.025221,0.017742,0.000593,0.167071,0.000017
0.027761,0.031221,0.001999,0.041084,0.005275,0.000635,0.000713,0.051498,0.021069,0.000634,0.000206,0.037111,0.000325,0.016314,0.003384,0.008413,0.000771,0.295189,0.109430,0.000263,0.065185,0.002054,0.000367,0.003284,0.003423,0.088041,0.000077,0.003843,0.000151,0.005612,0.026813,0.021536,0.012318,0.000215,0.015586,0.001592,0.088775,0.007831
0.019933,0.017232,0.000173,0.038620,0.009272,0.000433,0.000075,0.124682,0.156313,0.000470,0.000073,0.054063,0.000162,0.045186,0.000317,0.011267,0.000315,0.192816,0.022512,0.000079,0.054039,0.006115,0.000236,0.001649,0.000561,0.019701,0.000025,0.000225,0.000057,0.037525,0.093171,0.008183,0.000518,0.000080,0.001715,0.000629,0.075718,0.005860
0.026635,0.225682,0.000121,0.017856,0.001270,0.000038,0.000192,0.013630,0.036205,0.000573,0.000015,0.089567,0.000031,0.002931,0.000102,0.023479,0.001866,0.219189,0.084215,0.000044,0.023639,0.002722,0.000262,0.018795,0.001171,0.012987,0.000028,0.000270,0.000103,0.007794,0.039680,0.019387,0.001535,0.000139,0.000533,0.002235,0.055678,0.069398
0.090145,0.012913,0.000034,0.111666,0.000012,0.000007,0.000110,0.001070,0.000914,0.000132,0.000028,0.001637,0.000016,0.000077,0.000193,0.133471,0.003071,0.002417,0.007779,0.001198,0.052406,0.000061,0.000566,0.002555,0.000278,0.001018,0.000086,0.000512,0.000002,0.002325,0.003830,0.471637,0.024896,0.000018,0.049577,0.000082,0.020456,0.002806
