0.828426,0.000688,0.000002,0.008349,0.000002,0.000008,0.000000,0.000000,0.000227,0.000000,0.004892,0.000000,0.003680,0.000003,0.000002,0.000049,0.005485,0.000000,0.000001,0.000802,0.000003,0.000204,0.000109,0.000208,0.000081,0.000000,0.005936,0.000330,0.000005,0.000000,0.001303,0.000221,0.000000,0.138801,0.000024,0.000154,0.000000,0.000006
0.467659,0.000022,0.000022,0.002134,0.000277,0.000002,0.000047,0.000003,0.000296,0.000233,0.000774,0.000000,0.002914,0.000160,0.000005,0.000145,0.002228,0.000001,0.000017,0.000047,0.000411,0.000044,0.002913,0.000015,0.000245,0.000067,0.152785,0.007511,0.005804,0.000002,0.000505,0.019871,0.000001,0.325325,0.000059,0.007426,0.000008,0.000022
0.057578,0.001520,0.003109,0.001308,0.000362,0.000038,0.000152,0.000032,0.005534,0.000017,0.010173,0.000041,0.012112,0.008234,0.002970,0.000026,0.003724,0.000017,0.042151,0.000066,0.001731,0.789528,0.003531,0.000895,0.000438,0.000305,0.001494,0.006198,0.001026,0.000415,0.013919,0.000404,0.000092,0.017569,0.000093,0.011712,0.001374,0.000113
0.285388,0.000300,0.000051,0.018244,0.001281,0.000016,0.000245,0.000066,0.002728,0.000244,0.000953,0.000029,0.000056,0.000598,0.000043,0.001636,0.015025,0.000047,0.000078,0.003113,0.000945,0.000433,0.016854,0.000247,0.000604,0.000230,0.093268,0.001787,0.000320,0.000050,0.011278,0.527967,0.000164,0.013477,0.001058,0.000479,0.000272,0.000425
0.202127,0.002516,0.050283,0.015452,0.000099,0.001255,0.000645,0.001071,0.077514,0.000249,0.073538,0.001352,0.002816,0.051009,0.099254,0.000456,0.025381,0.000690,0.013767,0.024354,0.001367,0.062157,0.068992,0.009352,0.001709,0.001115,0.001380,0.000540,0.001386,0.001537,0.171786,0.005279,0.003053,0.007136,0.000858,0.000499,0.016111,0.001913
0.043090,0.000002,0.000000,0.005494,0.000152,0.000000,0.000002,0.000001,0.000129,0.000001,0.000011,0.000000,0.000002,0.000005,0.000007,0.008634,0.013137,0.000005,0.000061,0.000078,0.000155,0.000010,0.000121,0.000003,0.000009,0.000002,0.000139,0.000003,0.000000,0.000001,0.000172,0.928345,0.000003,0.000107,0.000026,0.000003,0.000014,0.000076
0.053276,0.072348,0.000009,0.000012,0.004704,0.000020,0.267059,0.000826,0.053963,0.019985,0.037170,0.000004,0.000003,0.000062,0.000039,0.000007,0.108593,0.002154,0.000688,0.000198,0.000284,0.012715,0.000002,0.000499,0.005813,0.000016,0.000085,0.000002,0.000375,0.002537,0.221300,0.000486,0.000055,0.068369,0.004272,0.016190,0.000007,0.045872
0.077620,0.002568,0.000028,0.000044,0.000000,0.000040,0.000191,0.000022,0.006980,0.000000,0.090374,0.000389,0.000000,0.000033,0.000814,0.000001,0.291060,0.000994,0.000003,0.004609,0.000002,0.002288,0.000008,0.000383,0.000229,0.000005,0.000000,0.000002,0.000008,0.000054,0.518524,0.000017,0.000006,0.000103,0.000008,0.000024,0.000127,0.002439
0.076705,0.001773,0.002573,0.001853,0.000056,0.000847,0.057522,0.005269,0.127545,0.011811,0.157344,0.001298,0.000073,0.002820,0.012952,0.000026,0.067846,0.002636,0.000470,0.019472,0.000209,0.005821,0.000068,0.001011,0.001450,0.008511,0.000026,0.000096,0.006439,0.000510,0.247855,0.005842,0.000276,0.147654,0.011333,0.006925,0.000473,0.004611
0.016971,0.000042,0.000547,0.000180,0.000001,0.000119,0.000046,0.000009,0.017085,0.000007,0.011945,0.000006,0.000095,0.000367,0.000632,0.000009,0.025773,0.000005,0.000787,0.068726,0.000351,0.030433,0.010036,0.001177,0.000412,0.000007,0.000694,0.000074,0.000012,0.000032,0.786516,0.024662,0.000007,0.001756,0.000132,0.000020,0.000027,0.000302
0.016074,0.001870,0.000001,0.000002,0.029172,0.000002,0.057728,0.001125,0.049302,0.018611,0.011612,0.000006,0.000003,0.000002,0.000053,0.000003,0.753059,0.000297,0.000165,0.000131,0.001290,0.000236,0.000002,0.000090,0.000163,0.000005,0.000009,0.000001,0.000587,0.002333,0.036660,0.000356,0.000354,0.010183,0.000961,0.000951,0.000004,0.006599
0.097489,0.041299,0.001247,0.000362,0.000000,0.000075,0.000003,0.000014,0.021814,0.000000,0.111374,0.000013,0.000002,0.000720,0.258695,0.000002,0.024938,0.000074,0.000582,0.023942,0.000010,0.286808,0.000552,0.022574,0.000931,0.000001,0.000025,0.000017,0.000018,0.000011,0.105218,0.000436,0.000052,0.000232,0.000105,0.000038,0.000167,0.000160
0.061066,0.006163,0.000051,0.000066,0.000000,0.000033,0.000150,0.000023,0.009604,0.000000,0.135214,0.000434,0.000001,0.000054,0.001542,0.000001,0.226054,0.001459,0.000006,0.004807,0.000003,0.002736,0.000014,0.000543,0.000340,0.000008,0.000000,0.000006,0.000009,0.000040,0.546144,0.000025,0.000011,0.000146,0.000010,0.000052,0.000185,0.002999
0.053382,0.000601,0.000082,0.002548,0.000326,0.000118,0.002144,0.002881,0.004655,0.000027,0.829488,0.000506,0.000017,0.016994,0.000159,0.000021,0.023069,0.001243,0.000018,0.004019,0.000139,0.008882,0.000009,0.000035,0.001006,0.000537,0.000001,0.000002,0.000056,0.000274,0.004375,0.000476,0.000021,0.036637,0.000135,0.000088,0.000039,0.004989
0.018139,0.000547,0.000213,0.000106,0.000187,0.000042,0.200384,0.003994,0.053469,0.001151,0.074607,0.000515,0.000013,0.000185,0.001517,0.000007,0.499704,0.000984,0.000158,0.030075,0.001350,0.000440,0.000036,0.000226,0.000587,0.000273,0.000001,0.000003,0.000527,0.002255,0.000862,0.000503,0.000136,0.104277,0.001106,0.001103,0.000096,0.000223
0.014829,0.002423,0.000002,0.000004,0.003082,0.000003,0.009508,0.000438,0.006541,0.001580,0.115279,0.000008,0.000001,0.000021,0.000026,0.000001,0.773618,0.000321,0.000081,0.000114,0.000428,0.001420,0.000001,0.000081,0.000060,0.000002,0.000004,0.000000,0.000036,0.001738,0.051682,0.000175,0.000085,0.006289,0.000304,0.000345,0.000002,0.009469
0.066098,0.000500,0.052614,0.002079,0.000008,0.000046,0.000119,0.000234,0.086586,0.000028,0.030822,0.000593,0.000144,0.006704,0.022047,0.000192,0.032049,0.000221,0.214495,0.009576,0.003155,0.041543,0.005689,0.000200,0.000257,0.000132,0.000172,0.000037,0.000037,0.002715,0.005674,0.001194,0.003981,0.277992,0.000156,0.000019,0.131622,0.000269
0.419813,0.003150,0.000065,0.000020,0.003444,0.000004,0.323253,0.001595,0.063955,0.000578,0.017743,0.000126,0.000009,0.000065,0.004857,0.000016,0.132861,0.000999,0.000106,0.003539,0.000773,0.000577,0.000079,0.000014,0.001770,0.000059,0.000001,0.000002,0.000498,0.001479,0.000119,0.000002,0.000787,0.015543,0.001090,0.000063,0.000097,0.000848
0.050863,0.012547,0.000502,0.002452,0.000001,0.000004,0.000010,0.000006,0.001436,0.000000,0.008971,0.000050,0.000000,0.003902,0.093188,0.000003,0.017692,0.000188,0.012757,0.000041,0.000135,0.518114,0.000182,0.000004,0.029907,0.000044,0.000003,0.000001,0.000003,0.000118,0.001035,0.000036,0.000130,0.238904,0.000050,0.000017,0.006657,0.000048
0.016878,0.000765,0.000012,0.000032,0.000000,0.000026,0.000080,0.000018,0.008331,0.000000,0.249752,0.000436,0.000001,0.000017,0.000250,0.000001,0.519329,0.000214,0.000005,0.003579,0.000006,0.007897,0.000006,0.001622,0.000183,0.000004,0.000000,0.000008,0.000010,0.000055,0.186242,0.000023,0.000008,0.000036,0.000002,0.000043,0.000100,0.004030
0.002080,0.000304,0.000000,0.000003,0.000025,0.000001,0.000846,0.000031,0.000248,0.000084,0.020376,0.000012,0.000000,0.000385,0.000040,0.000000,0.340118,0.000076,0.000007,0.002189,0.000064,0.004273,0.000004,0.000012,0.000021,0.000006,0.000000,0.000001,0.000001,0.002928,0.622098,0.000108,0.000004,0.000281,0.000029,0.000002,0.000001,0.003342
0.727906,0.001510,0.000038,0.000021,0.003013,0.000010,0.074616,0.000390,0.017484,0.000166,0.115123,0.000070,0.000002,0.000939,0.008890,0.000002,0.024100,0.000657,0.000040,0.005233,0.000182,0.001819,0.000034,0.000010,0.002963,0.000012,0.000000,0.000000,0.000044,0.000803,0.000349,0.000002,0.000110,0.011839,0.001453,0.000014,0.000014,0.000144
0.011470,0.000326,0.000005,0.000017,0.000000,0.000088,0.000199,0.000034,0.014787,0.000000,0.158757,0.000386,0.000001,0.000008,0.000426,0.000001,0.516082,0.000080,0.000009,0.001110,0.000009,0.014626,0.000002,0.004384,0.001727,0.000005,0.000000,0.000006,0.000040,0.000035,0.266671,0.000012,0.000004,0.000032,0.000001,0.000073,0.000061,0.008524
0.007939,0.000909,0.000001,0.000003,0.000425,0.000007,0.005899,0.000172,0.001726,0.001000,0.115428,0.000010,0.000001,0.000004,0.000018,0.000000,0.741523,0.000190,0.000069,0.000261,0.000137,0.001831,0.000000,0.000704,0.000038,0.000003,0.000003,0.000000,0.000034,0.000458,0.112356,0.000080,0.000026,0.000869,0.000073,0.000649,0.000003,0.007151
0.013928,0.023806,0.000022,0.000004,0.000058,0.000106,0.022682,0.000007,0.001350,0.001863,0.055934,0.000001,0.000350,0.000018,0.000027,0.000001,0.003533,0.000025,0.000015,0.000057,0.000005,0.014042,0.000015,0.004425,0.000074,0.000005,0.000156,0.000010,0.006995,0.000004,0.816722,0.000073,0.000002,0.002443,0.001522,0.025164,0.000003,0.004552
0.000963,0.000282,0.000003,0.000002,0.009482,0.000057,0.043965,0.000220,0.010844,0.039775,0.318971,0.000001,0.000013,0.000030,0.000134,0.000000,0.150747,0.001057,0.000023,0.000165,0.000294,0.000438,0.000014,0.000446,0.000006,0.000002,0.000005,0.000002,0.002623,0.001711,0.379678,0.002615,0.000003,0.002679,0.000491,0.025166,0.000004,0.007088
0.000202,0.000065,0.000000,0.000001,0.000113,0.000002,0.001675,0.000062,0.000667,0.000014,0.868555,0.000001,0.000000,0.000021,0.000002,0.000000,0.120352,0.000095,0.000001,0.000095,0.000022,0.000488,0.000000,0.000047,0.000001,0.000000,0.000000,0.000000,0.000004,0.000214,0.004941,0.000087,0.000000,0.000022,0.000002,0.000071,0.000000,0.002180
0.167039,0.004126,0.001158,0.028452,0.001138,0.000537,0.007051,0.011317,0.088754,0.000442,0.259124,0.011048,0.001289,0.032429,0.000960,0.001121,0.089882,0.018967,0.000275,0.078863,0.001873,0.018638,0.000860,0.000533,0.002693,0.009411,0.000004,0.000078,0.000224,0.004434,0.016293,0.001921,0.000492,0.070709,0.009216,0.000080,0.003961,0.054607
