0.860649,0.000030,0.000000,0.000027,0.017035,0.000001,0.000281,0.000094,0.000242,0.000002,0.012320,0.000082,0.000109,0.003739,0.000433,0.044427,0.004981,0.000029,0.000005,0.029972,0.015900,0.000013,0.000015,0.000002,0.002913,0.000060,0.000001,0.000057,0.000000,0.001783,0.000043,0.001018,0.002071,0.000108,0.001422,0.000003,0.000004,0.000127
0.246219,0.001732,0.047092,0.040729,0.000144,0.000492,0.006852,0.006450,0.065816,0.002593,0.021961,0.002861,0.000676,0.014675,0.004105,0.001940,0.018986,0.001256,0.009915,0.106065,0.004229,0.003750,0.046051,0.002707,0.000548,0.001316,0.001039,0.000570,0.000542,0.003015,0.165305,0.073463,0.031710,0.023014,0.005263,0.000464,0.032035,0.004421
0.068290,0.000879,0.310587,0.005737,0.000020,0.000817,0.003801,0.000588,0.156587,0.000524,0.024922,0.001301,0.000349,0.002156,0.016882,0.000377,0.003959,0.000540,0.030796,0.026511,0.000779,0.007685,0.007118,0.000193,0.001003,0.000320,0.000858,0.000095,0.000191,0.001772,0.035978,0.004007,0.011373,0.199651,0.005599,0.000030,0.066913,0.000812
0.000063,0.000000,0.000008,0.000027,0.000284,0.000126,0.000042,0.012338,0.197786,0.000021,0.027455,0.022680,0.000000,0.000029,0.000658,0.000003,0.000001,0.000492,0.000013,0.000430,0.000925,0.000000,0.000000,0.000001,0.000221,0.000053,0.000000,0.000007,0.000061,0.000081,0.000264,0.735800,0.000008,0.000038,0.000002,0.000015,0.000009,0.000058
0.000004,0.000001,0.000022,0.000012,0.000001,0.001078,0.000863,0.000212,0.005302,0.000002,0.000355,0.019032,0.000000,0.000005,0.000003,0.000000,0.000000,0.001562,0.000001,0.000053,0.094739,0.000000,0.000000,0.000000,0.018854,0.000030,0.000001,0.000228,0.000003,0.000016,0.001117,0.815206,0.000001,0.040857,0.000002,0.000145,0.000262,0.000029
0.952100,0.000002,0.000000,0.000000,0.000538,0.000000,0.000003,0.000009,0.000041,0.000000,0.000597,0.000001,0.000004,0.000000,0.019548,0.001149,0.000332,0.000004,0.000005,0.000001,0.016733,0.000000,0.000010,0.000000,0.000188,0.000002,0.000000,0.000000,0.000000,0.000227,0.000002,0.000017,0.008471,0.000003,0.000001,0.000002,0.000000,0.000008
0.062377,0.000265,0.000009,0.000356,0.003792,0.000034,0.000556,0.001598,0.005485,0.000168,0.022855,0.006915,0.000058,0.000127,0.001459,0.000656,0.000628,0.000528,0.000086,0.000300,0.551981,0.000659,0.004914,0.000008,0.023943,0.001255,0.000006,0.000247,0.000006,0.278205,0.000253,0.003354,0.023558,0.000460,0.000170,0.000025,0.000367,0.002339
0.024214,0.000054,0.000041,0.017344,0.037907,0.014603,0.000444,0.011750,0.018118,0.000159,0.490587,0.003971,0.000163,0.002298,0.001682,0.019021,0.000700,0.017706,0.002665,0.000295,0.116319,0.001509,0.000022,0.000017,0.155610,0.040849,0.000003,0.000047,0.000092,0.001334,0.006265,0.002628,0.000263,0.005392,0.000527,0.000801,0.001053,0.003544
0.037157,0.000002,0.000001,0.000004,0.000123,0.000000,0.000018,0.000609,0.001506,0.000007,0.001250,0.000147,0.000062,0.000013,0.003044,0.005535,0.000222,0.000067,0.000045,0.000011,0.244136,0.000004,0.000170,0.000002,0.000269,0.000045,0.000001,0.000037,0.000001,0.006070,0.000086,0.065536,0.633134,0.000059,0.000011,0.000533,0.000011,0.000074
0.003439,0.000000,0.000000,0.000000,0.000005,0.000000,0.000000,0.000002,0.000407,0.000000,0.000000,0.000000,0.000000,0.000000,0.000003,0.000000,0.000003,0.000005,0.000002,0.000000,0.000016,0.000000,0.000000,0.000000,0.000014,0.000000,0.000000,0.000000,0.000000,0.000002,0.000000,0.000045,0.996043,0.000000,0.000003,0.000002,0.000000,0.000007
0.108598,0.000143,0.000025,0.002328,0.250602,0.000120,0.017880,0.023300,0.018137,0.000018,0.478103,0.009605,0.000030,0.001742,0.000194,0.003717,0.017964,0.004052,0.000273,0.005516,0.025996,0.000239,0.000036,0.000002,0.004487,0.003429,0.000011,0.000110,0.000178,0.010236,0.000725,0.002364,0.002472,0.003349,0.001769,0.000010,0.000078,0.002162
0.001237,0.000000,0.000000,0.000000,0.000000,0.000000,0.000000,0.000013,0.000444,0.000000,0.000003,0.000005,0.000000,0.000000,0.000015,0.000000,0.000001,0.000014,0.000003,0.000000,0.000099,0.000000,0.000000,0.000000,0.000018,0.000000,0.000000,0.000000,0.000000,0.000004,0.000000,0.000278,0.997836,0.000000,0.000000,0.000000,0.000001,0.000025
0.133649,0.000000,0.000001,0.000003,0.000318,0.000000,0.000007,0.000074,0.000433,0.000000,0.000833,0.000075,0.000019,0.000000,0.012445,0.000038,0.000050,0.000093,0.000025,0.000000,0.027890,0.000001,0.000104,0.000000,0.000726,0.000016,0.000000,0.000001,0.000002,0.000101,0.000009,0.001219,0.821560,0.000049,0.000005,0.000014,0.000014,0.000226
0.843754,0.000005,0.000003,0.000008,0.014788,0.000001,0.000078,0.000042,0.000055,0.000001,0.017296,0.007760,0.000026,0.000488,0.000314,0.012936,0.000526,0.000018,0.000035,0.000934,0.059719,0.000007,0.000319,0.000000,0.000153,0.000077,0.000000,0.000004,0.000000,0.017409,0.000008,0.000021,0.023160,0.000036,0.000003,0.000000,0.000003,0.000010
0.767766,0.000005,0.000003,0.000020,0.179246,0.000000,0.000093,0.000505,0.000112,0.000001,0.007768,0.014134,0.000008,0.000318,0.000563,0.001075,0.000370,0.000044,0.000018,0.000227,0.014817,0.000003,0.000024,0.000000,0.000426,0.000048,0.000000,0.000005,0.000001,0.001117,0.000001,0.000006,0.011075,0.000149,0.000017,0.000000,0.000010,0.000025
