0.011467,0.004497,0.000060,0.031248,0.000005,0.000061,0.000123,0.008164,0.130665,0.000184,0.047535,0.015033,0.000102,0.000117,0.000481,0.003680,0.000600,0.028699,0.004030,0.000015,0.220809,0.069943,0.000153,0.000011,0.273222,0.074470,0.000003,0.000020,0.000128,0.042741,0.009406,0.001295,0.000129,0.000411,0.000098,0.000033,0.014846,0.005515
0.047793,0.013992,0.000453,0.036900,0.000052,0.000019,0.000176,0.001067,0.034278,0.000153,0.002919,0.083352,0.000195,0.000031,0.001103,0.003418,0.001474,0.068370,0.002407,0.000029,0.036699,0.001702,0.003871,0.000181,0.545382,0.000981,0.000026,0.000119,0.000471,0.001854,0.011700,0.002787,0.011764,0.000520,0.000099,0.000166,0.031522,0.051977
0.017676,0.008140,0.000063,0.029678,0.000090,0.000034,0.000141,0.002324,0.082984,0.001288,0.004219,0.124315,0.000202,0.000629,0.000247,0.016846,0.001597,0.033463,0.019137,0.000086,0.460280,0.067034,0.001191,0.000402,0.039180,0.002804,0.000032,0.000091,0.000030,0.029586,0.012890,0.003488,0.002681,0.000315,0.000177,0.000065,0.014554,0.022042
0.003071,0.004687,0.000065,0.072530,0.000070,0.000584,0.000104,0.022897,0.105232,0.000405,0.009116,0.042242,0.000062,0.000117,0.000080,0.007914,0.000145,0.334752,0.002263,0.000012,0.116829,0.010440,0.000034,0.000045,0.064877,0.121889,0.000019,0.000021,0.000379,0.006460,0.026193,0.011387,0.000085,0.000306,0.000054,0.000232,0.025387,0.009016
0.018221,0.028507,0.000004,0.000737,0.000001,0.000001,0.000015,0.000017,0.038005,0.000060,0.000081,0.012638,0.000003,0.000000,0.000107,0.000879,0.001022,0.071022,0.043529,0.000001,0.021069,0.000914,0.000577,0.000750,0.390463,0.000028,0.000002,0.000001,0.000013,0.000338,0.002413,0.004505,0.021698,0.000076,0.000002,0.000682,0.020284,0.321337
0.193808,0.000039,0.000001,0.000276,0.280997,0.000034,0.000034,0.000676,0.014027,0.000011,0.075028,0.000074,0.000350,0.000239,0.006111,0.046816,0.014746,0.000148,0.000623,0.000757,0.161132,0.000385,0.000032,0.000060,0.007349,0.000110,0.000002,0.000018,0.000006,0.015118,0.166379,0.010434,0.000167,0.000570,0.000027,0.001253,0.000011,0.002151
0.581131,0.000033,0.000005,0.002926,0.101363,0.000031,0.000064,0.000466,0.001211,0.000002,0.193814,0.000050,0.000071,0.000592,0.000476,0.065680,0.007032,0.000104,0.000352,0.000409,0.014891,0.000421,0.000004,0.000006,0.012760,0.000488,0.000001,0.000009,0.000002,0.000917,0.010144,0.001186,0.000163,0.002004,0.000311,0.000279,0.000007,0.000597
0.012088,0.037254,0.000031,0.006604,0.000001,0.000001,0.000015,0.000034,0.033690,0.000056,0.000208,0.006750,0.000003,0.000000,0.000044,0.000187,0.000654,0.243085,0.032863,0.000001,0.005342,0.000295,0.000116,0.000192,0.136310,0.000097,0.000003,0.000007,0.000075,0.000088,0.005326,0.014920,0.001676,0.000308,0.000002,0.001175,0.042805,0.417692
0.023042,0.000318,0.000011,0.011314,0.026384,0.000277,0.000050,0.003670,0.013748,0.000060,0.037329,0.000958,0.001691,0.000492,0.003677,0.119864,0.007642,0.003253,0.002499,0.000234,0.518726,0.006947,0.000451,0.000201,0.029442,0.002267,0.000007,0.000110,0.000021,0.015432,0.163532,0.001803,0.000301,0.000479,0.000118,0.001180,0.000221,0.002247
0.001637,0.000248,0.000010,0.559934,0.000383,0.006804,0.000249,0.032150,0.005250,0.000008,0.015873,0.000212,0.000003,0.000066,0.000004,0.000365,0.000053,0.086313,0.000011,0.000006,0.009422,0.001589,0.000001,0.000005,0.123056,0.113519,0.000001,0.000006,0.000326,0.000678,0.021300,0.002482,0.000001,0.001738,0.000017,0.001368,0.002271,0.012643
0.000147,0.000001,0.000004,0.068032,0.001956,0.327331,0.000000,0.006092,0.000270,0.000000,0.000080,0.000045,0.000000,0.000129,0.000030,0.000036,0.000001,0.278177,0.000265,0.000000,0.018358,0.000029,0.000001,0.000010,0.001060,0.021862,0.000000,0.000001,0.000002,0.000002,0.040250,0.007375,0.000000,0.000007,0.000004,0.000700,0.222810,0.004932
0.000018,0.000008,0.000001,0.066658,0.000008,0.001672,0.000000,0.000470,0.000360,0.000001,0.000016,0.001523,0.000000,0.000003,0.000005,0.000572,0.000000,0.415205,0.005413,0.000000,0.028366,0.000012,0.000001,0.000050,0.000568,0.001257,0.000000,0.000001,0.000000,0.000016,0.003162,0.007249,0.000002,0.000002,0.000003,0.000246,0.445830,0.021300
0.028978,0.000866,0.000256,0.073126,0.001563,0.002283,0.000876,0.006362,0.020235,0.001241,0.343949,0.022172,0.007262,0.020605,0.010179,0.064761,0.007288,0.009505,0.005662,0.004520,0.084886,0.028970,0.000754,0.000126,0.055211,0.051196,0.000014,0.000530,0.000094,0.121734,0.003893,0.001088,0.001825,0.005078,0.006918,0.000035,0.004304,0.001653
0.002667,0.002773,0.000003,0.001777,0.019847,0.000164,0.000003,0.031339,0.086899,0.000026,0.000275,0.000800,0.000004,0.000712,0.000006,0.013178,0.000072,0.118268,0.004846,0.000002,0.087453,0.001525,0.000021,0.000214,0.001384,0.001896,0.000002,0.000016,0.000004,0.001683,0.592066,0.000721,0.000015,0.000015,0.000005,0.019582,0.006618,0.003118
0.004900,0.000017,0.000002,0.001405,0.173435,0.000307,0.000001,0.003030,0.004705,0.000002,0.026004,0.000017,0.000002,0.000215,0.000033,0.003530,0.000035,0.005784,0.001167,0.000001,0.086510,0.000142,0.000001,0.000012,0.006334,0.011648,0.000000,0.000003,0.000001,0.000453,0.641522,0.002175,0.000007,0.000021,0.000007,0.025314,0.000317,0.000942
0.003486,0.000094,0.000001,0.000238,0.159398,0.000006,0.000002,0.000708,0.009365,0.000001,0.001950,0.000026,0.000006,0.000072,0.000004,0.002563,0.000279,0.002608,0.000307,0.000003,0.030702,0.000115,0.000005,0.000062,0.000465,0.000245,0.000000,0.000019,0.000003,0.000793,0.734949,0.003927,0.000007,0.000020,0.000003,0.043492,0.000075,0.004002
0.044128,0.004115,0.000015,0.001243,0.054889,0.000054,0.000521,0.000520,0.103749,0.000792,0.069444,0.002385,0.000898,0.006750,0.001345,0.004673,0.329590,0.000947,0.001802,0.006308,0.031816,0.135496,0.002712,0.006533,0.048395,0.003618,0.000030,0.000630,0.000025,0.022271,0.085529,0.001748,0.000073,0.002609,0.000434,0.000393,0.000297,0.023223
0.005137,0.000659,0.000133,0.014304,0.105135,0.004805,0.000846,0.032058,0.335414,0.000139,0.013748,0.001957,0.002369,0.023469,0.002013,0.000713,0.004440,0.071255,0.000384,0.001200,0.019640,0.068237,0.000077,0.000231,0.001524,0.172366,0.000011,0.000253,0.000166,0.011338,0.076790,0.001656,0.000037,0.006933,0.001122,0.000099,0.003009,0.016330
0.003639,0.001657,0.000001,0.000441,0.000002,0.000000,0.000003,0.000005,0.002859,0.000030,0.000068,0.000294,0.000001,0.000000,0.000011,0.000148,0.002281,0.006313,0.002215,0.000000,0.000887,0.000046,0.000025,0.000095,0.866909,0.000004,0.000003,0.000004,0.000012,0.000041,0.000822,0.003133,0.003016,0.000959,0.000003,0.004851,0.001774,0.097448
0.145657,0.243307,0.000004,0.001472,0.000052,0.000000,0.000040,0.000022,0.005886,0.000050,0.000069,0.001011,0.000002,0.000000,0.000032,0.000998,0.046159,0.017117,0.017338,0.000002,0.004620,0.000173,0.000109,0.001609,0.340879,0.000059,0.000015,0.000284,0.000048,0.000469,0.000602,0.019179,0.025636,0.000257,0.000117,0.067422,0.010597,0.048705
0.005318,0.021500,0.000084,0.009789,0.000012,0.000007,0.000017,0.000029,0.002683,0.000030,0.000073,0.018081,0.000006,0.000001,0.000212,0.000977,0.000565,0.137528,0.032008,0.000002,0.006574,0.000035,0.000776,0.001548,0.109093,0.000069,0.000016,0.000145,0.000125,0.000324,0.003267,0.040703,0.004918,0.002406,0.000006,0.002868,0.093479,0.504724
0.004041,0.020000,0.000006,0.000629,0.000110,0.000001,0.000008,0.000354,0.289314,0.000147,0.000097,0.021483,0.000005,0.000013,0.000014,0.002840,0.001000,0.110342,0.346982,0.000000,0.047917,0.001837,0.000157,0.001062,0.008345,0.000176,0.000004,0.000029,0.000017,0.001577,0.042567,0.003018,0.000495,0.000175,0.000002,0.030899,0.014833,0.049500
0.002246,0.000496,0.000030,0.026785,0.109136,0.002890,0.000024,0.008717,0.002192,0.000015,0.004489,0.000081,0.000017,0.000408,0.000466,0.003247,0.000274,0.183297,0.002963,0.000026,0.041746,0.000127,0.000028,0.000210,0.010213,0.010569,0.000004,0.000143,0.000008,0.000679,0.223398,0.024232,0.000044,0.000415,0.000151,0.198498,0.102390,0.039348
0.000290,0.000148,0.000008,0.120135,0.000061,0.341780,0.000005,0.014608,0.005536,0.000011,0.000919,0.001952,0.000003,0.001411,0.000024,0.001726,0.000010,0.203752,0.000290,0.000004,0.020335,0.001038,0.000012,0.000036,0.012732,0.085728,0.000002,0.000015,0.000010,0.000685,0.117524,0.002774,0.000001,0.000071,0.000016,0.000573,0.058600,0.007178
0.031771,0.064282,0.000065,0.030620,0.006982,0.000471,0.000132,0.000467,0.003832,0.000175,0.004036,0.003814,0.000183,0.000015,0.004284,0.051713,0.007600,0.232095,0.131882,0.000106,0.112517,0.000273,0.000623,0.009342,0.062522,0.001427,0.000178,0.001428,0.000018,0.003012,0.008646,0.084580,0.016100,0.000684,0.000448,0.034233,0.027582,0.061862
0.015310,0.002596,0.000002,0.000361,0.000010,0.000009,0.000041,0.000118,0.013859,0.002401,0.000333,0.001138,0.000001,0.000006,0.000004,0.004889,0.002476,0.008820,0.049057,0.000002,0.003772,0.003513,0.000013,0.000477,0.714947,0.000565,0.000048,0.000002,0.000012,0.000764,0.003706,0.041734,0.000708,0.043651,0.000037,0.033210,0.001799,0.049608
0.001897,0.004228,0.000012,0.000377,0.000630,0.000004,0.000006,0.001407,0.013289,0.000052,0.000120,0.000871,0.000002,0.000009,0.000007,0.001916,0.000037,0.351187,0.510771,0.000000,0.016652,0.000116,0.000006,0.000379,0.001668,0.001578,0.000001,0.000014,0.000002,0.000449,0.005895,0.002380,0.000258,0.000052,0.000011,0.067959,0.011606,0.004155
0.051805,0.049922,0.000020,0.005242,0.000391,0.000010,0.000156,0.000738,0.009553,0.000465,0.000189,0.017726,0.000020,0.000008,0.000050,0.029350,0.001903,0.124709,0.025519,0.000014,0.012455,0.000610,0.000575,0.013756,0.176166,0.000446,0.000022,0.000212,0.000092,0.001680,0.002756,0.010364,0.052219,0.001053,0.000036,0.081439,0.027019,0.301308
0.021158,0.101187,0.000033,0.002875,0.000007,0.000001,0.000027,0.000021,0.005880,0.000091,0.000035,0.001720,0.000002,0.000000,0.000030,0.000247,0.001646,0.310611,0.087404,0.000001,0.002330,0.000039,0.000091,0.002681,0.048831,0.000061,0.000010,0.000074,0.000044,0.000090,0.001041,0.055347,0.004527,0.000501,0.000028,0.016889,0.087633,0.246809
0.003200,0.005513,0.000083,0.038341,0.004419,0.000833,0.000197,0.021708,0.266084,0.003118,0.002259,0.073973,0.000087,0.029237,0.000140,0.007010,0.000367,0.202377,0.010348,0.000158,0.024062,0.096608,0.000116,0.002450,0.001421,0.054100,0.000009,0.000060,0.000027,0.029389,0.042246,0.004806,0.000904,0.000241,0.010807,0.000181,0.046819,0.016301
0.003320,0.014543,0.000007,0.010742,0.000032,0.000013,0.000006,0.008716,0.295617,0.000014,0.000019,0.112085,0.000004,0.003205,0.000006,0.003633,0.000118,0.051669,0.007452,0.000001,0.050645,0.005657,0.000076,0.000945,0.000434,0.000433,0.000010,0.000032,0.000010,0.008805,0.333541,0.001842,0.000015,0.000070,0.000002,0.002407,0.052212,0.031664
0.021674,0.006473,0.000026,0.015984,0.011399,0.000129,0.000005,0.019238,0.109169,0.000086,0.001570,0.001068,0.000006,0.000156,0.000015,0.011339,0.000435,0.256622,0.260210,0.000002,0.067083,0.000406,0.000005,0.000307,0.001191,0.034848,0.000008,0.000052,0.000003,0.005554,0.107627,0.046190,0.000053,0.000032,0.000078,0.016055,0.004617,0.000284
0.003633,0.002241,0.000041,0.157550,0.000073,0.000753,0.000010,0.000502,0.010975,0.000046,0.001158,0.014201,0.000004,0.000028,0.000149,0.001307,0.000566,0.187869,0.003308,0.000002,0.036574,0.000282,0.000103,0.000148,0.134430,0.001689,0.000063,0.000152,0.000086,0.000626,0.038806,0.044041,0.000094,0.002559,0.000016,0.006341,0.121829,0.227746
0.018018,0.000136,0.000000,0.000918,0.000052,0.000001,0.000001,0.000002,0.000186,0.000004,0.000360,0.000001,0.000001,0.000000,0.000007,0.001333,0.027551,0.000018,0.000328,0.000000,0.002633,0.000029,0.000005,0.000039,0.182015,0.000020,0.000855,0.000005,0.000019,0.000052,0.002545,0.027604,0.000005,0.008413,0.000007,0.723981,0.000023,0.002831
0.018838,0.072285,0.000005,0.053292,0.000060,0.000032,0.000009,0.000335,0.019709,0.000034,0.000167,0.006707,0.000004,0.000052,0.000019,0.005444,0.004056,0.076637,0.005210,0.000001,0.025193,0.000504,0.000039,0.000327,0.362486,0.000476,0.000058,0.000077,0.000070,0.001556,0.102523,0.062263,0.000144,0.002432,0.000002,0.072687,0.022729,0.083536
