0.007756,0.000128,0.000028,0.444304,0.002888,0.039302,0.000143,0.005599,0.006046,0.000009,0.206817,0.000453,0.000048,0.000444,0.000323,0.001406,0.000797,0.005414,0.000080,0.000041,0.032452,0.004478,0.000004,0.000078,0.076834,0.079339,0.000005,0.000036,0.001868,0.000363,0.044400,0.005420,0.000006,0.003706,0.000026,0.009338,0.001529,0.018094
0.159574,0.052967,0.000002,0.000791,0.001106,0.000003,0.000116,0.000104,0.024683,0.000007,0.002275,0.000055,0.000057,0.000254,0.000130,0.000067,0.037848,0.000140,0.000430,0.000035,0.003164,0.028629,0.001341,0.008521,0.044297,0.000101,0.006361,0.015090,0.000154,0.000201,0.007091,0.018168,0.000021,0.003941,0.000037,0.575393,0.000213,0.006630
0.283790,0.000347,0.000002,0.002448,0.000019,0.000075,0.000099,0.000027,0.001765,0.000000,0.001638,0.000001,0.005068,0.000160,0.000272,0.000649,0.032306,0.000007,0.000007,0.655203,0.000100,0.000744,0.003162,0.000158,0.002234,0.000010,0.000090,0.000057,0.000003,0.000048,0.000482,0.000761,0.000007,0.004308,0.003662,0.000003,0.000012,0.000275
0.000037,0.000003,0.000005,0.937527,0.000005,0.025500,0.000013,0.001596,0.000070,0.000000,0.000157,0.000599,0.000000,0.000004,0.000005,0.000080,0.000002,0.005985,0.000001,0.000002,0.001953,0.000016,0.000000,0.000002,0.010596,0.007340,0.000000,0.000001,0.001409,0.000019,0.001450,0.002701,0.000000,0.000145,0.000001,0.000232,0.001082,0.001462
0.846252,0.000046,0.000000,0.000757,0.000002,0.000000,0.000001,0.000001,0.000410,0.000000,0.000011,0.000000,0.000001,0.000001,0.000000,0.000002,0.000025,0.000002,0.000172,0.000000,0.001486,0.050386,0.001152,0.000154,0.000019,0.000000,0.000643,0.000138,0.000000,0.000009,0.000986,0.082261,0.000001,0.000031,0.000002,0.014722,0.000280,0.000048
0.080376,0.029752,0.000005,0.000417,0.000007,0.000009,0.014015,0.000163,0.188698,0.000054,0.000008,0.000005,0.000099,0.000002,0.000512,0.000001,0.006477,0.000050,0.002209,0.000345,0.000072,0.631770,0.000023,0.009784,0.000604,0.000003,0.000059,0.000127,0.000183,0.000044,0.000074,0.000007,0.000056,0.000134,0.000341,0.027704,0.000311,0.005499
0.000921,0.000654,0.000100,0.335345,0.006009,0.013711,0.000081,0.035080,0.036632,0.000020,0.004066,0.019766,0.000454,0.005365,0.000159,0.010555,0.000309,0.082919,0.000322,0.000052,0.124458,0.003655,0.000034,0.000265,0.004156,0.176724,0.000006,0.000169,0.000875,0.019906,0.090316,0.007595,0.000084,0.000695,0.000072,0.002076,0.010724,0.005669
0.002723,0.000555,0.000269,0.533145,0.001288,0.008638,0.000466,0.029672,0.011345,0.000082,0.007036,0.017308,0.000258,0.000900,0.000203,0.018174,0.000571,0.071639,0.000611,0.000208,0.057972,0.003039,0.000036,0.000282,0.022798,0.130059,0.000017,0.000202,0.002158,0.004730,0.017904,0.019791,0.000198,0.002614,0.000470,0.001448,0.018485,0.012704
0.819185,0.001042,0.000001,0.000604,0.000111,0.000158,0.000724,0.000668,0.001274,0.000000,0.001945,0.000000,0.000012,0.000086,0.000846,0.000002,0.003143,0.000010,0.000004,0.000730,0.000028,0.046901,0.000002,0.000016,0.082080,0.000011,0.000007,0.000001,0.000011,0.000000,0.000127,0.000034,0.000001,0.034129,0.000524,0.002963,0.000005,0.002616
0.831455,0.000037,0.000003,0.000087,0.008656,0.000018,0.000004,0.000051,0.000186,0.000000,0.001215,0.000000,0.000027,0.000102,0.000036,0.000003,0.001147,0.000018,0.000028,0.000038,0.000084,0.005132,0.000009,0.000186,0.000053,0.000005,0.000010,0.000002,0.000012,0.000002,0.075241,0.001028,0.000000,0.000568,0.000011,0.050472,0.000009,0.024067
0.000262,0.000146,0.000043,0.816290,0.000025,0.001094,0.000021,0.011234,0.000820,0.000003,0.000072,0.018273,0.000005,0.000061,0.000024,0.000920,0.000036,0.035731,0.000044,0.000010,0.012190,0.000067,0.000013,0.000033,0.002326,0.021577,0.000001,0.000043,0.001970,0.000394,0.011192,0.027803,0.000011,0.000206,0.000010,0.000178,0.024759,0.012112
0.093255,0.000001,0.000002,0.000051,0.000004,0.000000,0.000001,0.000000,0.000004,0.000000,0.000002,0.000000,0.103246,0.000000,0.000000,0.000003,0.000012,0.000000,0.000187,0.000002,0.000047,0.000278,0.000230,0.000000,0.000006,0.000000,0.000228,0.000056,0.000006,0.000000,0.000003,0.000015,0.000000,0.801195,0.000006,0.001160,0.000001,0.000000
0.284834,0.004007,0.000005,0.000807,0.412337,0.000010,0.000008,0.001863,0.085807,0.000007,0.001554,0.000006,0.000013,0.000699,0.000033,0.001111,0.001257,0.003887,0.002017,0.000004,0.007830,0.018838,0.000006,0.002804,0.008163,0.001030,0.000011,0.000019,0.000003,0.000548,0.118428,0.002216,0.000005,0.000051,0.000052,0.038713,0.000534,0.000483
0.000350,0.000067,0.000135,0.606466,0.001485,0.067282,0.000179,0.033975,0.004060,0.000017,0.001596,0.010280,0.000186,0.001056,0.000128,0.006065,0.000082,0.071028,0.000074,0.000071,0.038822,0.000697,0.000011,0.000047,0.008042,0.103228,0.000004,0.000064,0.001264,0.002166,0.018521,0.009599,0.000024,0.002487,0.000144,0.000515,0.006580,0.003203
0.011419,0.000000,0.227808,0.000043,0.000002,0.000000,0.000010,0.000000,0.000011,0.000000,0.000001,0.000000,0.753353,0.000003,0.000006,0.000000,0.000000,0.000000,0.003958,0.000000,0.000030,0.000301,0.001617,0.000000,0.000000,0.000000,0.000092,0.000153,0.000004,0.000000,0.000026,0.000023,0.000000,0.001027,0.000016,0.000046,0.000049,0.000000
0.000427,0.000917,0.000115,0.333778,0.002097,0.061101,0.000046,0.082887,0.011538,0.000099,0.000120,0.018501,0.000151,0.005959,0.000155,0.005630,0.000035,0.212734,0.000568,0.000024,0.034754,0.000705,0.000030,0.000235,0.000817,0.076977,0.000018,0.000096,0.000785,0.005961,0.071516,0.020506,0.000030,0.000284,0.000128,0.000690,0.039283,0.010302
0.705647,0.000001,0.000262,0.000042,0.000016,0.000001,0.000021,0.000000,0.000237,0.000000,0.000419,0.000000,0.071071,0.000084,0.000001,0.000000,0.000047,0.000000,0.000013,0.000002,0.000006,0.003658,0.000227,0.000000,0.000002,0.000005,0.000158,0.000004,0.000008,0.000000,0.000324,0.000408,0.000000,0.217216,0.000105,0.000014,0.000001,0.000001
0.729566,0.001519,0.000020,0.080274,0.008020,0.000024,0.000020,0.003916,0.006999,0.000019,0.001856,0.000003,0.000016,0.000584,0.000060,0.017847,0.000540,0.001287,0.000858,0.000005,0.028539,0.002919,0.000003,0.000077,0.009117,0.001498,0.000015,0.000003,0.000000,0.000250,0.078749,0.019849,0.000018,0.000487,0.000705,0.004080,0.000190,0.000067
0.608641,0.000192,0.028641,0.010836,0.000148,0.000110,0.007937,0.000192,0.025031,0.000075,0.000536,0.000072,0.108727,0.042835,0.027435,0.000028,0.000204,0.000148,0.008832,0.000027,0.000820,0.040107,0.052240,0.000237,0.000141,0.000962,0.006395,0.004504,0.000082,0.000246,0.012614,0.001795,0.000110,0.002091,0.004098,0.000694,0.002166,0.000049
0.000095,0.000036,0.000083,0.694246,0.000219,0.143269,0.000044,0.009739,0.001277,0.000006,0.000223,0.005391,0.000068,0.001201,0.000125,0.000652,0.000015,0.028954,0.000033,0.000017,0.014765,0.000185,0.000006,0.000034,0.002334,0.062994,0.000003,0.000047,0.002411,0.000859,0.013181,0.008570,0.000005,0.001040,0.000029,0.000362,0.005666,0.001819
0.034076,0.000468,0.000008,0.005265,0.454654,0.000149,0.000001,0.004683,0.002798,0.000001,0.000653,0.000017,0.000009,0.000448,0.000104,0.003177,0.000112,0.003105,0.000113,0.000001,0.045398,0.000229,0.000003,0.000091,0.002932,0.001794,0.000003,0.000021,0.000001,0.000529,0.183430,0.004658,0.000015,0.000068,0.000025,0.249571,0.001258,0.000134
0.821493,0.000006,0.000025,0.000250,0.068891,0.000017,0.000028,0.000014,0.000337,0.000008,0.002787,0.000000,0.000285,0.000204,0.000022,0.000006,0.000017,0.000007,0.000506,0.000009,0.001140,0.000610,0.000004,0.000003,0.000008,0.000071,0.000050,0.000014,0.000483,0.000002,0.015909,0.000869,0.000002,0.002833,0.000017,0.082892,0.000010,0.000168
0.402546,0.000021,0.000037,0.000049,0.000709,0.000007,0.000022,0.000003,0.000995,0.000047,0.001427,0.000000,0.001702,0.000011,0.000011,0.000005,0.000039,0.000001,0.000261,0.000002,0.000167,0.000139,0.000007,0.000011,0.000017,0.000021,0.002272,0.000020,0.059241,0.000000,0.002111,0.000608,0.000001,0.210586,0.000060,0.316676,0.000005,0.000163
0.470380,0.000849,0.000009,0.034677,0.000106,0.000151,0.000671,0.000468,0.000691,0.000002,0.004514,0.000000,0.000001,0.000128,0.000201,0.000167,0.000012,0.001485,0.000621,0.000001,0.003751,0.001001,0.000000,0.000003,0.422981,0.034911,0.000003,0.000031,0.000002,0.000031,0.013310,0.000898,0.000018,0.000687,0.005826,0.001131,0.000231,0.000049
0.421522,0.010480,0.000072,0.002318,0.020079,0.000382,0.033095,0.002662,0.047810,0.001092,0.018470,0.000034,0.002212,0.000077,0.000809,0.000395,0.088489,0.001847,0.000141,0.014393,0.000280,0.003118,0.000420,0.004024,0.003259,0.000054,0.005539,0.000436,0.080204,0.000409,0.006774,0.004641,0.000128,0.108564,0.062168,0.035405,0.000123,0.018073
0.429591,0.000148,0.000000,0.000116,0.448426,0.000005,0.000003,0.000016,0.000700,0.000000,0.045288,0.000000,0.000373,0.000227,0.000072,0.000114,0.015946,0.000002,0.000090,0.000202,0.001773,0.015035,0.000014,0.000852,0.001822,0.000006,0.000000,0.000002,0.000004,0.000006,0.021700,0.000128,0.000002,0.001174,0.000004,0.013839,0.000002,0.002317
0.927472,0.000012,0.000577,0.022435,0.000009,0.000108,0.000886,0.000030,0.000284,0.000002,0.000031,0.000001,0.023719,0.000038,0.000104,0.000083,0.000014,0.000019,0.006775,0.000004,0.000427,0.002938,0.000169,0.000002,0.000393,0.000096,0.000777,0.000081,0.000003,0.000016,0.000983,0.000845,0.000026,0.001905,0.000947,0.000081,0.007695,0.000010
0.914697,0.000025,0.000001,0.031880,0.002025,0.000008,0.000006,0.000001,0.000255,0.000000,0.000051,0.000000,0.012978,0.000087,0.000020,0.000367,0.015966,0.000001,0.000015,0.001143,0.000059,0.000477,0.004150,0.000042,0.000052,0.000008,0.000538,0.000088,0.000002,0.000001,0.000564,0.008959,0.000001,0.005366,0.000070,0.000057,0.000002,0.000038
0.175273,0.000000,0.000033,0.000028,0.000013,0.000002,0.000016,0.000000,0.000055,0.000000,0.000761,0.000000,0.226263,0.000111,0.000026,0.000005,0.000098,0.000000,0.000230,0.000016,0.000319,0.001770,0.001549,0.000000,0.000007,0.000006,0.000004,0.000008,0.000000,0.000064,0.000133,0.000029,0.000001,0.593069,0.000069,0.000002,0.000035,0.000000
0.785690,0.000006,0.000000,0.000030,0.000000,0.000052,0.000054,0.000000,0.000056,0.000000,0.000020,0.000000,0.022868,0.000073,0.000032,0.000003,0.000438,0.000000,0.000001,0.000691,0.000003,0.000196,0.005683,0.000000,0.000116,0.000002,0.000010,0.000000,0.000000,0.000005,0.000090,0.000156,0.000000,0.137793,0.045929,0.000000,0.000000,0.000000
0.396701,0.000116,0.000003,0.000058,0.000530,0.000001,0.000104,0.000065,0.000406,0.000002,0.447359,0.000018,0.000559,0.000015,0.002259,0.012675,0.107882,0.000049,0.000160,0.003050,0.003875,0.000511,0.015947,0.000009,0.003748,0.000006,0.000000,0.000003,0.000001,0.001350,0.000341,0.000007,0.000829,0.000106,0.000020,0.000010,0.000034,0.001189
