0.010806,0.000140,0.000028,0.250586,0.000266,0.157391,0.001109,0.003842,0.007313,0.000000,0.011839,0.000094,0.003929,0.000772,0.000188,0.000497,0.001592,0.002303,0.000005,0.000695,0.008415,0.003881,0.000016,0.000008,0.056551,0.033886,0.000010,0.000040,0.000411,0.000583,0.004848,0.002893,0.000001,0.423235,0.000169,0.000850,0.000584,0.010227
0.001212,0.000003,0.000020,0.000014,0.010024,0.000005,0.000292,0.000290,0.008699,0.000110,0.000033,0.005119,0.000308,0.000019,0.023835,0.001210,0.000036,0.000513,0.000024,0.000611,0.335851,0.000001,0.000038,0.000003,0.000011,0.000345,0.000000,0.002181,0.000070,0.547365,0.000029,0.022543,0.039112,0.000014,0.000018,0.000026,0.000009,0.000006
0.034840,0.000007,0.000023,0.000011,0.012518,0.000005,0.000404,0.001128,0.000549,0.000002,0.000608,0.041464,0.000114,0.015615,0.000723,0.012938,0.001242,0.000233,0.000024,0.150510,0.209332,0.000005,0.000012,0.000001,0.000012,0.003612,0.000000,0.000157,0.000001,0.507661,0.000014,0.005471,0.000720,0.000020,0.000018,0.000000,0.000005,0.000003
0.002752,0.000001,0.000026,0.000007,0.021583,0.000002,0.000172,0.001688,0.058088,0.000046,0.000010,0.042756,0.000162,0.000267,0.040415,0.007188,0.000008,0.000174,0.000016,0.003457,0.068701,0.000001,0.000000,0.000001,0.000005,0.002760,0.000000,0.042480,0.000007,0.697889,0.000005,0.005717,0.003577,0.000001,0.000028,0.000002,0.000005,0.000001
0.312468,0.000000,0.000104,0.004882,0.000002,0.000202,0.000328,0.000047,0.001373,0.000000,0.001437,0.000006,0.013671,0.000042,0.000067,0.000180,0.000070,0.000001,0.002753,0.000045,0.000698,0.001773,0.000067,0.000000,0.001096,0.000143,0.000002,0.000043,0.000000,0.000672,0.001215,0.000013,0.000010,0.652034,0.000138,0.000001,0.004412,0.000002
0.004871,0.000000,0.000002,0.001359,0.000151,0.537256,0.000001,0.000264,0.161478,0.000000,0.001921,0.011278,0.000005,0.077011,0.001749,0.000107,0.000039,0.000668,0.000601,0.000015,0.051390,0.002460,0.000025,0.000000,0.000239,0.125329,0.000000,0.000024,0.000000,0.000670,0.016189,0.000379,0.000001,0.000489,0.000009,0.000001,0.004010,0.000008
0.000000,0.000000,0.000004,0.000000,0.004412,0.000001,0.001732,0.000144,0.002356,0.000004,0.000000,0.001366,0.000004,0.000007,0.001270,0.000002,0.000012,0.000090,0.000000,0.000469,0.005297,0.000000,0.000000,0.000000,0.000000,0.000054,0.000000,0.001110,0.000021,0.980459,0.000009,0.001097,0.000001,0.000001,0.000075,0.000001,0.000000,0.000000
0.008411,0.000004,0.000017,0.000004,0.000797,0.000022,0.000033,0.000221,0.000587,0.000000,0.000187,0.088705,0.000597,0.069190,0.005520,0.047697,0.000147,0.000044,0.000004,0.007828,0.107916,0.000010,0.000007,0.000001,0.000105,0.012525,0.000001,0.007427,0.000001,0.640565,0.000118,0.000724,0.000556,0.000003,0.000017,0.000000,0.000004,0.000004
0.009115,0.000007,0.000002,0.000127,0.002711,0.000028,0.000220,0.014854,0.012529,0.000002,0.699360,0.000023,0.000002,0.014802,0.000062,0.000008,0.000372,0.000845,0.000003,0.000160,0.000619,0.000031,0.000000,0.000000,0.000004,0.000144,0.000000,0.000001,0.000026,0.001019,0.017720,0.223632,0.000001,0.000397,0.000001,0.000248,0.000001,0.000923
0.000001,0.000000,0.000000,0.000000,0.000037,0.000000,0.000128,0.000001,0.000045,0.000000,0.000000,0.000001,0.000001,0.000002,0.000000,0.000001,0.000001,0.000001,0.000000,0.000273,0.000011,0.000000,0.000000,0.000000,0.000000,0.000017,0.000000,0.000016,0.000000,0.999338,0.000002,0.000080,0.000000,0.000000,0.000045,0.000000,0.000000,0.000000
