0.258791,0.000732,0.000000,0.059273,0.000004,0.000155,0.002937,0.000204,0.034069,0.000010,0.000528,0.000005,0.001429,0.000005,0.005152,0.002804,0.001083,0.000030,0.291682,0.004820,0.002662,0.032747,0.000930,0.000107,0.081632,0.004205,0.000013,0.000009,0.000000,0.084378,0.004167,0.005465,0.000036,0.019739,0.002115,0.000524,0.097425,0.000135
0.921766,0.000061,0.000000,0.000008,0.007958,0.000000,0.000190,0.000007,0.000072,0.000005,0.001885,0.000000,0.000001,0.000007,0.000011,0.001949,0.000238,0.000002,0.000097,0.000010,0.047134,0.000637,0.000017,0.000008,0.005753,0.000029,0.000052,0.000046,0.000000,0.000313,0.000036,0.002409,0.000261,0.000790,0.000319,0.007886,0.000022,0.000019
0.204755,0.000019,0.062239,0.000391,0.000010,0.000005,0.023424,0.001226,0.000433,0.000221,0.000049,0.000077,0.043274,0.000025,0.001145,0.000008,0.000063,0.000070,0.324500,0.000014,0.047789,0.003684,0.013198,0.000023,0.000091,0.000064,0.000382,0.091895,0.000051,0.009592,0.000249,0.000022,0.000466,0.041964,0.067880,0.002646,0.058035,0.000022
0.055760,0.006553,0.000001,0.000070,0.000217,0.000001,0.011789,0.000142,0.001529,0.000514,0.001260,0.000073,0.000010,0.000015,0.000071,0.002572,0.817773,0.000126,0.000099,0.007637,0.036573,0.000538,0.000068,0.002983,0.019158,0.000146,0.000116,0.000085,0.000010,0.000208,0.001553,0.004593,0.005289,0.006232,0.002738,0.012882,0.000069,0.000544
0.000382,0.000012,0.005752,0.000163,0.000001,0.000088,0.001121,0.000073,0.000087,0.000082,0.000129,0.000058,0.141231,0.000017,0.155690,0.000011,0.000003,0.000007,0.580576,0.000004,0.003472,0.000464,0.105515,0.000076,0.000079,0.000012,0.000058,0.000931,0.000271,0.001331,0.000222,0.000014,0.000026,0.001358,0.000102,0.000375,0.000142,0.000066
0.030170,0.000612,0.000099,0.066849,0.014982,0.003480,0.000171,0.011673,0.019830,0.000784,0.027457,0.000988,0.000073,0.002029,0.002066,0.058462,0.001504,0.234035,0.026075,0.000045,0.121995,0.004598,0.000016,0.000157,0.160517,0.151762,0.000017,0.000075,0.000048,0.002764,0.010950,0.027924,0.001126,0.000719,0.010567,0.000716,0.002382,0.002283
0.004308,0.002162,0.011361,0.003186,0.000002,0.000127,0.003594,0.002886,0.003421,0.000149,0.000841,0.000526,0.002086,0.000226,0.120704,0.000015,0.000465,0.000330,0.575206,0.000184,0.011249,0.191739,0.005490,0.001014,0.000127,0.000094,0.000243,0.003388,0.000090,0.032828,0.000701,0.000093,0.001009,0.002186,0.001275,0.009707,0.006258,0.000729
0.001988,0.000602,0.000000,0.000081,0.008413,0.000009,0.000005,0.002889,0.001265,0.000002,0.000605,0.000001,0.000001,0.000036,0.000003,0.000414,0.000134,0.006166,0.000055,0.000001,0.006273,0.000801,0.000001,0.000133,0.006369,0.000066,0.000002,0.000003,0.000001,0.000093,0.159567,0.001803,0.000002,0.000129,0.000008,0.772170,0.001619,0.028292
0.000776,0.000690,0.000189,0.023012,0.003449,0.052208,0.000342,0.080341,0.002973,0.000463,0.000192,0.005769,0.000295,0.032191,0.000904,0.002704,0.000142,0.499445,0.002283,0.000975,0.007349,0.001841,0.000368,0.001503,0.001093,0.057910,0.000031,0.000324,0.000068,0.000687,0.048734,0.020647,0.000706,0.000243,0.000801,0.001637,0.120016,0.026698
0.004663,0.000172,0.831615,0.000099,0.000000,0.000007,0.001297,0.000116,0.000093,0.000015,0.000009,0.000024,0.001261,0.000000,0.015369,0.000004,0.000012,0.000128,0.132791,0.000001,0.000169,0.000192,0.004951,0.000098,0.000613,0.000004,0.000051,0.000853,0.000151,0.000124,0.000134,0.000084,0.000077,0.001638,0.002315,0.000308,0.000487,0.000072
0.044614,0.011161,0.000003,0.000606,0.028066,0.000001,0.000446,0.000138,0.000437,0.000028,0.000842,0.000003,0.000003,0.000002,0.000004,0.000874,0.006092,0.005434,0.000162,0.000035,0.002981,0.000083,0.000002,0.000268,0.010429,0.000087,0.000007,0.000060,0.000040,0.000211,0.001572,0.001196,0.000138,0.000839,0.001594,0.872871,0.000108,0.008563
0.008846,0.000193,0.000003,0.047151,0.000001,0.000158,0.008923,0.000890,0.003140,0.000088,0.004080,0.000026,0.000182,0.000018,0.001393,0.000012,0.000129,0.000361,0.075394,0.006554,0.002712,0.003595,0.000204,0.000025,0.011549,0.000534,0.000016,0.000042,0.000001,0.038751,0.000444,0.000015,0.000105,0.006250,0.000595,0.000847,0.776701,0.000073
0.008307,0.000001,0.000574,0.001198,0.000000,0.000001,0.003802,0.000856,0.000336,0.000001,0.000014,0.000002,0.541346,0.000001,0.001341,0.000000,0.000378,0.000028,0.236920,0.000081,0.000724,0.001338,0.001221,0.000000,0.000008,0.000001,0.000013,0.000637,0.000000,0.011531,0.000029,0.000000,0.000006,0.005001,0.000376,0.000014,0.183913,0.000001
0.206108,0.009654,0.000073,0.063874,0.002319,0.001020,0.010304,0.001990,0.002971,0.000215,0.037857,0.000274,0.000391,0.003108,0.013624,0.013800,0.004757,0.017096,0.118005,0.017122,0.004311,0.019534,0.000357,0.000699,0.196210,0.004749,0.000056,0.000238,0.000051,0.021118,0.003714,0.006379,0.049547,0.003683,0.056506,0.004363,0.071569,0.032357
0.008490,0.000033,0.000038,0.170682,0.000164,0.001031,0.000230,0.002040,0.004248,0.000014,0.181395,0.000015,0.000002,0.000064,0.000022,0.000004,0.000016,0.033014,0.000017,0.000003,0.000373,0.000111,0.000001,0.000004,0.009663,0.008168,0.000001,0.000003,0.038604,0.000006,0.003458,0.058651,0.000003,0.066657,0.000011,0.196853,0.000353,0.215555
0.002893,0.000000,0.000021,0.004689,0.000000,0.000003,0.003361,0.001051,0.000917,0.000001,0.000030,0.000002,0.000183,0.000001,0.000122,0.000000,0.000120,0.000049,0.012661,0.000097,0.000276,0.000102,0.000008,0.000000,0.000061,0.000005,0.000011,0.000010,0.000000,0.000906,0.000011,0.000000,0.000002,0.002123,0.000118,0.000041,0.970119,0.000005
