0.030271,0.000288,0.000000,0.000013,0.000000,0.000034,0.000001,0.000000,0.000418,0.000000,0.000815,0.000000,0.000000,0.000297,0.000760,0.000000,0.000146,0.000006,0.000000,0.000017,0.000000,0.962898,0.000000,0.000001,0.003648,0.000002,0.000000,0.000000,0.000000,0.000000,0.000115,0.000000,0.000000,0.000201,0.000000,0.000000,0.000000,0.000071
0.046164,0.001119,0.000056,0.001131,0.000000,0.000228,0.000064,0.000013,0.032369,0.000000,0.000019,0.000010,0.000048,0.000015,0.798628,0.000000,0.000018,0.000010,0.000069,0.000108,0.000003,0.115860,0.000003,0.000984,0.002883,0.000002,0.000003,0.000005,0.000041,0.000004,0.000062,0.000000,0.000002,0.000002,0.000000,0.000052,0.000010,0.000013
0.103504,0.011991,0.000010,0.008299,0.000001,0.001517,0.000145,0.001147,0.453524,0.000000,0.000118,0.000005,0.000008,0.000122,0.125917,0.000000,0.000098,0.000294,0.000034,0.001639,0.000036,0.122891,0.000023,0.000354,0.165504,0.000029,0.000000,0.000003,0.000219,0.000040,0.000506,0.000001,0.000001,0.000035,0.000005,0.000265,0.000032,0.001681
0.000434,0.003859,0.000130,0.000420,0.000000,0.000029,0.042911,0.000347,0.089425,0.000000,0.000002,0.000052,0.000040,0.000004,0.852903,0.000000,0.000146,0.000187,0.000227,0.000035,0.000013,0.007618,0.000008,0.000015,0.000631,0.000006,0.000000,0.000212,0.000104,0.000041,0.000033,0.000001,0.000030,0.000003,0.000002,0.000035,0.000041,0.000055
0.447548,0.005694,0.000001,0.000080,0.000002,0.000255,0.000015,0.000020,0.000282,0.000000,0.036714,0.000002,0.000004,0.021997,0.020137,0.000001,0.005927,0.000128,0.000000,0.002363,0.000001,0.420518,0.000000,0.000162,0.034811,0.000004,0.000000,0.000000,0.000000,0.000001,0.000823,0.000000,0.000001,0.001076,0.000083,0.000003,0.000001,0.001346
0.000020,0.000000,0.000011,0.000001,0.000284,0.000000,0.000338,0.000027,0.001712,0.000001,0.000004,0.000009,0.000076,0.000000,0.363640,0.000000,0.000000,0.000002,0.000001,0.000005,0.000087,0.000000,0.000000,0.000000,0.000005,0.000009,0.000000,0.000003,0.632482,0.000073,0.000016,0.001117,0.000001,0.000063,0.000004,0.000001,0.000000,0.000004
0.000002,0.000000,0.000000,0.000000,0.000002,0.000000,0.000001,0.000011,0.000010,0.000000,0.000007,0.000014,0.000000,0.000000,0.999806,0.000000,0.000000,0.000000,0.000000,0.000000,0.000110,0.000000,0.000000,0.000000,0.000011,0.000001,0.000000,0.000000,0.000005,0.000011,0.000000,0.000007,0.000000,0.000000,0.000000,0.000000,0.000000,0.000000
0.000017,0.000000,0.000040,0.000003,0.000000,0.000001,0.000002,0.000000,0.000001,0.000000,0.000002,0.000000,0.845072,0.000057,0.003655,0.000000,0.000000,0.000000,0.002344,0.000000,0.000034,0.000078,0.147907,0.000002,0.000000,0.000000,0.000018,0.000596,0.000005,0.000053,0.000028,0.000003,0.000000,0.000067,0.000000,0.000014,0.000001,0.000000
0.000756,0.000013,0.001030,0.000516,0.000001,0.000191,0.000019,0.000004,0.000027,0.000017,0.000005,0.000012,0.134403,0.000986,0.753493,0.000029,0.000002,0.000002,0.006677,0.000001,0.000231,0.000011,0.092007,0.000030,0.000088,0.000010,0.000343,0.003898,0.000730,0.000232,0.002445,0.000059,0.000001,0.001522,0.000001,0.000161,0.000037,0.000009
0.013988,0.001192,0.000003,0.003002,0.000027,0.000016,0.000002,0.000001,0.000010,0.000000,0.000040,0.000000,0.000000,0.471736,0.095579,0.000000,0.000043,0.000564,0.000000,0.000000,0.000002,0.393700,0.000000,0.000003,0.014762,0.000093,0.000000,0.000000,0.000001,0.000000,0.000835,0.000020,0.000001,0.004312,0.000025,0.000001,0.000003,0.000040
0.001803,0.000697,0.000394,0.234054,0.000122,0.324389,0.001682,0.053841,0.006911,0.000116,0.000812,0.007198,0.000573,0.010089,0.001657,0.000670,0.000141,0.081826,0.000492,0.000128,0.033776,0.001325,0.000030,0.000044,0.007848,0.107546,0.000056,0.000262,0.000848,0.005612,0.033671,0.019346,0.000023,0.011429,0.001126,0.000161,0.031456,0.017846
0.002350,0.000005,0.000366,0.003406,0.000002,0.000025,0.000113,0.000041,0.000514,0.000015,0.000091,0.000016,0.516759,0.001700,0.014990,0.000008,0.000048,0.000002,0.266206,0.000007,0.003313,0.009727,0.163209,0.000100,0.000004,0.000034,0.001912,0.001052,0.000003,0.009939,0.000448,0.000334,0.000004,0.001964,0.000008,0.000926,0.000343,0.000013
0.008878,0.000084,0.000648,0.010683,0.000036,0.008407,0.000125,0.000125,0.019351,0.000028,0.021882,0.000672,0.508852,0.035950,0.201892,0.000375,0.009866,0.000034,0.000767,0.002504,0.003187,0.005579,0.017326,0.000017,0.002934,0.021827,0.000022,0.001888,0.000023,0.043431,0.049994,0.000836,0.000086,0.019560,0.001522,0.000003,0.000455,0.000155
0.001611,0.000315,0.000026,0.482764,0.000047,0.023256,0.000023,0.038153,0.002163,0.000008,0.000149,0.000137,0.000002,0.005053,0.000287,0.000034,0.000010,0.100174,0.000136,0.000002,0.044081,0.000312,0.000000,0.000002,0.009167,0.247086,0.000002,0.000002,0.000010,0.000139,0.021491,0.010167,0.000000,0.000966,0.000117,0.000021,0.011830,0.000254
