Final Q Matrix:

50.6644 43.5457 42.8579 44.3159 
56.636 45.6368 48.441 53.0395 
70.1205 52.2515 58.412 63.261 
82.0522 63.3752 67.1599 74.5046 
92.9592 78.3663 84.3942 88.101 
99.052 85.5989 92.1524 93.07 
113.122 91.5617 99.956 105.576 
126.861 107.889 121.984 120.37 
132.591 117.235 147.257 129.455 
129.379 129.881 145.151 126.323 
48.4922 43.1765 42.9609 44.2172 
55.112 44.4126 44.9869 51.4084 
66.8337 52.1962 55.9763 62.6612 
77.382 63.8653 66.0016 71.7485 
88.6617 74.1221 79.1052 84.3766 
106.39 83.6555 90.063 92.998 
121.328 98.5185 96.7381 110.758 
140.767 110.986 112.311 132.589 
163.059 136.85 178.97 143.894 
152.372 151.677 165.127 135.455 
45.6882 43.1517 46.933 43.1852 
48.466 43.903 43.6988 49.3371 
54.8494 47.3281 48.1409 53.8398 
70.3092 55.5428 57.4518 62.3036 
79.76 72.3963 71.6037 77.6986 
93.3658 74.5561 76.0093 83.0092 
101.63 86.1524 85.8145 110.113 
108.173 99.2389 98 120.929 
182.177 172.548 199.312 162.122 
170.996 170.71 187.349 149.497 
50.8997 53.4858 55.2545 49.2086 
47.3234 46.7604 44.4681 45.7028 
54.5336 47.1942 48.0162 53.1048 
63.7644 52.3683 56.1389 60.4163 
71.4637 62.5841 65.1177 73.6513 
83.1299 71.0019 72.0237 81.5342 
88.1866 79.0785 74.1441 96.5236 
95.0725 91.3013 93.8271 106.746 
206.528 204.382 226.934 187.914 
200.9 198.34 216.308 174.804 
56.3082 51.5061 55.6777 52.4956 
57.5934 52.7336 64.1637 56.9591 
162.762 148.361 158.893 152.123 
163.657 156.034 185.5 161.42 
135.126 161.15 164.622 146.149 
134.109 139.512 142.552 130.178 
66.7333 72.8479 67.554 78.2603 
66.3083 69.9792 69.2232 64.4394 
245.126 240.566 258.588 215.954 
227.896 232.169 238.66 206.872 
65.1863 57.6095 55.1173 55.5175 
77.9663 68.6973 71.3897 71.2653 
175.613 165.256 154.049 157.917 
217.001 217.185 219.261 216.337 
150.954 181.381 163.497 150.957 
140.193 156.862 141.813 136.862 
67.798 66.1106 59.6868 69.6742 
78.7275 75.4276 74.39 76.4084 
260.763 274.395 293.864 245.291 
240.119 257.263 245.543 220.858 
56.1521 54.4875 47.7492 58.3089 
57.5522 57.4449 52.2917 67.626 
157.162 153.85 137.91 160.555 
148.732 172.509 146.279 189.655 
132.681 163.394 130.529 157.772 
130.997 143.795 125.927 138.951 
59.3393 58.86 52.4105 62.4682 
60.4789 60.5254 56.3003 67.7925 
323.576 302.112 328.924 287.339 
975.004 1000 900.653 1000 
49.5154 48.2107 44.8175 52.0366 
52.0802 51.0458 50.5514 57.6843 
139.399 134.071 133.012 143.293 
131.749 140.024 141.073 151.793 
117.033 134.604 121.152 134.872 
115.679 125.358 116.849 124.574 
51.1763 51.3182 45.7235 55.3106 
53.0184 54.5922 50.099 58.5903 
373.916 360.878 398.159 331.967 
755.192 802.976 696.458 868.44 
47.6857 44.8875 52.2218 45.7753 
73.0021 65.2299 59.6824 65.1343 
82.554 67.504 70.6607 80.4999 
95.9828 82.9301 84.5619 92.8502 
96.6448 99.4679 99.4814 119.57 
94.0623 104.868 93.7501 95.9012 
48.1048 44.7816 44.4118 49.9399 
52.8177 48.4788 56.1866 52.3909 
432.806 405.924 452.08 376.711 
650.977 675.233 587.733 743.731 
59.6083 48.5614 52.094 47.8277 
68.0643 55.8419 58.5309 65.407 
82.1621 62.1313 65.6816 78.6084 
94.1404 76.6047 81.3335 92.7567 
94.6287 95.1469 99.93 109.959 
78.3804 97.3675 89.5406 89.1693 
66.4538 84.591 77.3521 71.2561 
61.1296 64.9887 60.5229 52.43 
549.212 459.077 489.048 449.681 
570.306 530.001 559.767 640.179 
