52.7547 45.7793 45.0727 48.3118 
61.4835 47.4994 50.6505 56.7106 
69.879 58.0711 60.475 65.9619 
78.1756 67.8807 71.2889 75.9336 
93.3651 80.8733 88.2573 89.9423 
100.676 86.1337 93.922 93.9944 
113.681 92.5041 108.059 108.719 
126.707 104.72 116.055 115.348 
130.656 118.289 146.829 128.314 
132.434 128.221 140.952 129.607 
52.5305 45.355 45.0128 46.7716 
61.6207 47.2693 47.3159 55.365 
70.9554 55.7958 62.3291 65.5043 
81.9113 65.7722 73.0559 74.4938 
97.7988 76.476 83.3588 85.404 
109.929 86.858 94.3639 95.0571 
119.978 100.258 100.492 107.012 
145.183 114.196 115.856 127.305 
161.339 140.536 175.069 141.71 
154.005 151.867 164.962 138.389 
48.2963 45.0543 50.4514 45.5618 
53.3058 46.7236 45.7286 53.809 
62.6958 48.3686 51.5654 57.3199 
73.2898 61.5244 58.9744 68.6385 
89.3978 74.0212 73.9677 84.7526 
91.5304 79.4902 77.008 85.8567 
110.057 91.1479 88.8288 107.887 
109.219 110.058 100.658 122.478 
180.576 170.74 196.006 159.274 
181.641 174.427 184.673 152.5 
52.4815 55.198 58.4883 50.768 
49.5258 50.4489 46.6119 48.1652 
54.4506 48.4883 50.8425 56.2557 
63.7638 51.9491 58.0391 65.9906 
73.4137 62.5233 68.1693 77.0026 
83.8212 73.6664 75.3604 84.2835 
91.1113 83.286 76.3713 98.3333 
99.2415 90.5373 96.4858 110.09 
206.42 201.253 232.328 193.41 
196.703 199.839 212.811 176.568 
58.856 53.527 57.5795 53.2719 
61.7514 55.4198 66.9815 60.4994 
161.865 149.842 164.318 156.987 
162.325 154.666 180.079 161.35 
131.539 159.344 167.267 147.787 
130.251 143.715 136.962 127.612 
66.2235 76.6743 70.9859 84.0142 
65.2829 69.3805 71.8044 64.3954 
239.542 237.552 268.498 216.171 
232.315 231.191 245.162 204.849 
66.1803 60.0803 56.7895 59.8774 
80.0961 71.1336 72.1907 73.9084 
193.856 163.146 156.388 166.234 
221.747 223.963 216.47 215.719 
141.855 189.864 166.393 149.728 
139.847 159.026 136.983 131.105 
70.5454 66.6218 61.2069 73.4809 
82.8785 76.8487 74.2165 76.3535 
262.829 268.842 308.612 248.715 
239.156 261.836 244.61 223.91 
56.5464 55.5261 49.5095 60.4242 
59.0455 58.611 53.5439 69.1012 
155.501 150.063 135.717 168.255 
147.31 159.449 146.734 193.575 
133.51 166.457 135.847 151.773 
127.821 143.826 126.084 138.669 
58.4844 59.1646 52.0358 64.1041 
59.9058 61.5631 55.5251 71.9137 
334.914 321.912 365.561 300.466 
973.187 1000 918.84 1000 
51.2173 48.0946 45.4128 53.1947 
52.3361 52.8154 52.1368 58.3702 
142.462 132.761 131.329 147.078 
130.931 144.379 144.117 160.79 
116.108 140.195 117.773 141.442 
114.743 126.807 117.48 124.507 
51.8799 51.3623 46.4707 56.3653 
51.9954 52.8623 50.5179 60.3771 
394.252 362.72 430.433 337.385 
723.336 800.172 682.561 841.463 
48.1753 45.1914 49.4286 46.2058 
72.7922 65.5143 61.8168 67.5228 
86.9987 69.1017 68.2196 78.3509 
105.004 80.1616 83.6456 92.0856 
95.0573 99.3012 97.6317 124.511 
91.8726 105.728 90.4939 91.9891 
48.0086 45.9513 44.8878 50.01 
53.1683 47.6503 55.9937 52.3798 
444.669 436.404 488.017 395.293 
650.125 711.377 589.983 721.848 
59.2899 48.3874 51.6895 47.4804 
70.64 55.0927 58.474 65.0137 
78.6417 64.0032 69.1725 76.0445 
89.6745 76.3508 80.4923 90.199 
94.4434 95.0333 96.6533 112.182 
76.8511 92.4569 87.8287 86.7964 
64.4074 78.3888 75.6161 72.4393 
61.3186 70.3342 62.4609 55.7754 
550.689 499.975 508.349 485.597 
581.884 536.252 571.835 615.321 
 
N N N N N N N N E E 
N N N N N N N N E E 
E W N N N N N W E E 
E S W W W W W W E E 
N E E E E S W E E E 
N N N S S S W N E S 
W W W W S S W W E W 
W W W W W S W W E W 
E N N N W S W E E W 
N N N W W S S S N W 
