0.021718,0.000003,0.041601,0.000253,0.000002,0.000002,0.000000,0.000000,0.000004,0.000030,0.000006,0.000000,0.003541,0.000005,0.000007,0.000001,0.000002,0.000000,0.000068,0.000000,0.000023,0.000036,0.006001,0.000003,0.000002,0.000001,0.910417,0.000035,0.000040,0.000000,0.001834,0.011738,0.000000,0.001684,0.000004,0.000920,0.000014,0.000004
0.026951,0.000002,0.002134,0.000632,0.000007,0.000005,0.000000,0.000000,0.000120,0.000068,0.000031,0.000000,0.407624,0.000046,0.000008,0.000005,0.000199,0.000000,0.000092,0.000006,0.000013,0.000666,0.005658,0.000005,0.000001,0.000003,0.319359,0.000111,0.000010,0.000000,0.000504,0.013144,0.000001,0.222252,0.000263,0.000074,0.000001,0.000006
0.030094,0.000002,0.000940,0.000124,0.000094,0.000010,0.000001,0.000001,0.000093,0.000149,0.000042,0.000001,0.720637,0.000839,0.000143,0.000005,0.000014,0.000001,0.003628,0.000002,0.002355,0.000598,0.104516,0.000051,0.000001,0.000015,0.108547,0.003211,0.004630,0.000015,0.001076,0.008489,0.000003,0.003752,0.000013,0.005842,0.000032,0.000034
0.027908,0.000091,0.000052,0.000167,0.000111,0.000057,0.003402,0.000374,0.074846,0.476242,0.034295,0.000016,0.000027,0.000249,0.000230,0.000026,0.000106,0.002005,0.000537,0.000016,0.000340,0.000164,0.000004,0.000007,0.000300,0.003728,0.000285,0.000011,0.003124,0.000321,0.047483,0.174472,0.000145,0.062861,0.000237,0.064868,0.000045,0.020847
0.011180,0.000002,0.000014,0.000005,0.000049,0.000004,0.000158,0.000011,0.003530,0.064561,0.001423,0.000001,0.001012,0.000645,0.000387,0.000002,0.000018,0.000001,0.000256,0.000003,0.000216,0.000186,0.000766,0.000003,0.000239,0.000661,0.849565,0.000252,0.001852,0.000003,0.020294,0.001750,0.000007,0.039845,0.000600,0.000454,0.000013,0.000028
0.004394,0.000004,0.000003,0.000018,0.000008,0.000001,0.000004,0.000000,0.000008,0.000442,0.000015,0.000000,0.035803,0.000656,0.000016,0.000009,0.000037,0.000000,0.000295,0.000001,0.000969,0.000081,0.721283,0.000069,0.000000,0.000005,0.214116,0.003272,0.000004,0.000010,0.000437,0.013009,0.000000,0.003228,0.000002,0.001791,0.000001,0.000006
0.000392,0.000000,0.000004,0.000003,0.000001,0.000000,0.000002,0.000000,0.000005,0.000046,0.000002,0.000000,0.000602,0.000009,0.000000,0.000005,0.000061,0.000000,0.000017,0.000000,0.000019,0.000086,0.022174,0.000002,0.000000,0.000000,0.956502,0.000082,0.000000,0.000002,0.000048,0.019269,0.000000,0.000639,0.000004,0.000022,0.000000,0.000001
0.337887,0.000051,0.000278,0.011552,0.000242,0.019010,0.000828,0.000793,0.025773,0.000098,0.237151,0.000011,0.002944,0.005335,0.000272,0.000094,0.008691,0.000221,0.000224,0.001781,0.002481,0.006010,0.000106,0.000053,0.005788,0.004006,0.000267,0.000346,0.000185,0.000213,0.124290,0.110322,0.000008,0.081228,0.000902,0.005603,0.000237,0.004721
0.000919,0.000000,0.000004,0.000001,0.000000,0.000000,0.000000,0.000000,0.000005,0.000027,0.000001,0.000000,0.925175,0.000016,0.000001,0.000000,0.000002,0.000000,0.000006,0.000000,0.000001,0.000009,0.000260,0.000000,0.000000,0.000000,0.070263,0.000057,0.000054,0.000000,0.000032,0.000052,0.000000,0.003021,0.000019,0.000072,0.000000,0.000000
0.001727,0.000000,0.000056,0.000009,0.000002,0.000000,0.000001,0.000000,0.000019,0.000010,0.000010,0.000000,0.976694,0.000345,0.000008,0.000000,0.000008,0.000000,0.000165,0.000001,0.000060,0.000165,0.002289,0.000004,0.000000,0.000003,0.014949,0.000453,0.000253,0.000000,0.000140,0.000079,0.000000,0.002447,0.000004,0.000097,0.000002,0.000001
