0.075873,0.000010,0.000002,0.251168,0.028403,0.000003,0.000000,0.000032,0.000231,0.000000,0.000051,0.000018,0.002827,0.000343,0.000070,0.591739,0.004603,0.000015,0.000542,0.000231,0.023036,0.000073,0.002472,0.000015,0.000145,0.000095,0.000018,0.000626,0.000000,0.000143,0.004278,0.012501,0.000029,0.000273,0.000086,0.000018,0.000027,0.000004
0.001656,0.000591,0.000012,0.541754,0.000050,0.032476,0.000009,0.005447,0.026018,0.000089,0.000485,0.001654,0.000003,0.006546,0.000076,0.000310,0.000039,0.069372,0.000624,0.000010,0.018932,0.013237,0.000006,0.000040,0.004432,0.120978,0.000027,0.000015,0.000055,0.001338,0.070094,0.022895,0.000001,0.000942,0.000050,0.000177,0.057240,0.002319
0.092669,0.000001,0.000000,0.000001,0.003193,0.000001,0.000002,0.000006,0.000028,0.000000,0.000646,0.001035,0.010212,0.002401,0.002882,0.827851,0.000275,0.000001,0.000005,0.001673,0.050703,0.000001,0.000012,0.000000,0.000036,0.000907,0.000000,0.000054,0.000000,0.004058,0.000036,0.000037,0.001264,0.000002,0.000006,0.000000,0.000000,0.000000
0.080157,0.009030,0.000039,0.006831,0.009406,0.000029,0.000104,0.002879,0.289781,0.000594,0.007996,0.001217,0.000576,0.029389,0.000223,0.005423,0.002955,0.003467,0.005030,0.000059,0.056770,0.412799,0.000170,0.001246,0.012186,0.017954,0.000105,0.000217,0.000044,0.013877,0.023234,0.001196,0.000034,0.000454,0.001210,0.000184,0.001434,0.001698
0.015624,0.000016,0.000013,0.000093,0.061697,0.000027,0.000130,0.000073,0.002581,0.000003,0.001109,0.001387,0.038186,0.005412,0.024996,0.304492,0.028335,0.000090,0.000018,0.150834,0.098172,0.000007,0.000111,0.000007,0.000059,0.003649,0.000001,0.002813,0.000004,0.237807,0.002349,0.019282,0.000398,0.000118,0.000076,0.000009,0.000004,0.000019
0.014170,0.004717,0.000004,0.311177,0.000534,0.000107,0.000002,0.001697,0.007234,0.000002,0.011009,0.000016,0.000001,0.000109,0.000020,0.000226,0.000189,0.019861,0.001100,0.000000,0.057761,0.000809,0.000001,0.000008,0.065965,0.190172,0.000003,0.000004,0.000039,0.002384,0.230710,0.010558,0.000003,0.000633,0.000006,0.067440,0.001221,0.000108
0.000227,0.000347,0.000013,0.464740,0.000857,0.046250,0.000008,0.006219,0.017089,0.000054,0.000430,0.009029,0.000003,0.002115,0.000009,0.002167,0.000011,0.165295,0.000290,0.000007,0.017460,0.000877,0.000005,0.000056,0.002212,0.164697,0.000003,0.000023,0.000162,0.003118,0.068823,0.009774,0.000007,0.000088,0.000040,0.001709,0.013473,0.002313
0.000640,0.003013,0.000073,0.257779,0.000576,0.006122,0.000015,0.006909,0.021128,0.000122,0.000536,0.234446,0.000052,0.001717,0.000112,0.058474,0.000066,0.110449,0.004436,0.000011,0.107772,0.000619,0.000114,0.000192,0.002702,0.020419,0.000013,0.000266,0.001413,0.025080,0.074879,0.009594,0.000121,0.000231,0.000027,0.001568,0.028117,0.020197
0.001322,0.001372,0.000039,0.136606,0.009326,0.004764,0.000004,0.001743,0.061600,0.000012,0.012216,0.000595,0.000031,0.005369,0.000193,0.000757,0.000094,0.012676,0.002264,0.000003,0.027764,0.003500,0.000013,0.000050,0.019719,0.464642,0.000001,0.000058,0.000092,0.019413,0.208744,0.001408,0.000033,0.000130,0.000026,0.002788,0.000590,0.000042
0.003458,0.000015,0.000003,0.022843,0.007993,0.066230,0.000004,0.042325,0.305316,0.000014,0.009648,0.000864,0.000011,0.049333,0.000157,0.001012,0.000012,0.021606,0.000636,0.000008,0.142806,0.033807,0.000007,0.000005,0.011363,0.180775,0.000000,0.000042,0.000000,0.003338,0.091733,0.000061,0.000002,0.000019,0.000062,0.000026,0.004449,0.000018
0.005238,0.000350,0.000003,0.136274,0.003384,0.124725,0.000002,0.003918,0.070035,0.000005,0.000302,0.000074,0.000003,0.030581,0.000138,0.000082,0.000042,0.021270,0.000063,0.000003,0.014498,0.021376,0.000015,0.000054,0.009140,0.132643,0.000003,0.000012,0.000023,0.002215,0.396825,0.003462,0.000001,0.000353,0.000006,0.007295,0.015242,0.000345
0.000228,0.000227,0.000083,0.145327,0.000049,0.002139,0.000010,0.019954,0.036450,0.000078,0.000531,0.351250,0.000114,0.005639,0.000063,0.027990,0.000039,0.073719,0.001901,0.000044,0.150358,0.005346,0.000046,0.000028,0.000227,0.025222,0.000011,0.000131,0.000023,0.083132,0.043425,0.005141,0.000122,0.000103,0.000112,0.000007,0.017178,0.003554
0.238349,0.000005,0.000034,0.000066,0.007548,0.000004,0.000208,0.002019,0.006075,0.000005,0.004552,0.004683,0.000446,0.000064,0.464548,0.000573,0.000058,0.000408,0.000253,0.000070,0.171713,0.000014,0.000031,0.000001,0.001422,0.000622,0.000001,0.000068,0.000047,0.003624,0.000085,0.003006,0.088811,0.000115,0.000100,0.000013,0.000099,0.000261
0.019080,0.007073,0.000017,0.051326,0.001455,0.000127,0.000007,0.002243,0.050369,0.000013,0.002189,0.004060,0.000050,0.000682,0.000184,0.005446,0.009097,0.006064,0.002459,0.000014,0.110632,0.002955,0.000200,0.000876,0.092254,0.003925,0.000048,0.000737,0.001006,0.010972,0.249495,0.023908,0.000081,0.000771,0.000008,0.325537,0.004842,0.009799
0.000747,0.000195,0.000171,0.162702,0.003504,0.033780,0.000071,0.030879,0.024201,0.000081,0.010348,0.019017,0.000214,0.013756,0.000705,0.009857,0.000172,0.123225,0.005431,0.000108,0.104456,0.003680,0.000019,0.000037,0.007320,0.305416,0.000011,0.000140,0.000067,0.071320,0.057044,0.003578,0.000233,0.000599,0.001403,0.000076,0.005134,0.000301
0.003669,0.000002,0.000000,0.000000,0.000119,0.000000,0.000002,0.000002,0.000003,0.000000,0.000538,0.000000,0.000152,0.000001,0.000071,0.000593,0.000787,0.000000,0.000001,0.000070,0.976701,0.000001,0.015468,0.000001,0.000013,0.000007,0.000000,0.000000,0.000000,0.001379,0.000016,0.000091,0.000300,0.000012,0.000001,0.000001,0.000000,0.000000
0.118291,0.020613,0.000152,0.061761,0.009901,0.000313,0.000095,0.011439,0.313220,0.000288,0.004533,0.007504,0.000107,0.012118,0.000234,0.002168,0.002245,0.043729,0.001668,0.000134,0.051855,0.038676,0.000617,0.000988,0.011288,0.016980,0.000324,0.001068,0.000176,0.008402,0.183510,0.026584,0.000032,0.001381,0.000184,0.004844,0.032129,0.010448
0.318502,0.000053,0.000334,0.003982,0.064714,0.000294,0.002221,0.017991,0.010219,0.000005,0.067101,0.219741,0.000169,0.004811,0.001464,0.014780,0.002703,0.002252,0.000082,0.002337,0.181367,0.000134,0.000013,0.000004,0.015227,0.001954,0.000023,0.000234,0.000062,0.007392,0.001541,0.021312,0.001354,0.026973,0.000788,0.000035,0.000066,0.007766
0.003166,0.002530,0.000089,0.058975,0.001495,0.001005,0.000039,0.005729,0.043194,0.000087,0.002757,0.168405,0.000251,0.001747,0.001324,0.048643,0.003509,0.012069,0.002604,0.000040,0.285408,0.003131,0.002195,0.000958,0.103140,0.005335,0.000139,0.001128,0.001278,0.067633,0.107414,0.006325,0.000691,0.001048,0.000028,0.032727,0.011525,0.012242
0.188873,0.000195,0.000007,0.000026,0.002269,0.000020,0.000053,0.000070,0.000663,0.000001,0.128477,0.003546,0.263140,0.008363,0.060499,0.164527,0.011658,0.000025,0.000275,0.017202,0.128226,0.000214,0.003890,0.000005,0.004594,0.001880,0.000001,0.000022,0.000001,0.006640,0.001326,0.000139,0.001831,0.000921,0.000371,0.000000,0.000015,0.000038
0.042937,0.000001,0.000003,0.000033,0.004285,0.000012,0.000056,0.000298,0.000813,0.000004,0.009536,0.000373,0.000053,0.000029,0.793815,0.000348,0.000047,0.000103,0.000015,0.000053,0.139278,0.000009,0.000086,0.000000,0.001326,0.000059,0.000000,0.000002,0.000018,0.004496,0.000020,0.000519,0.001267,0.000037,0.000010,0.000003,0.000010,0.000046
