0.340049,0.000029,0.000005,0.000382,0.027450,0.000029,0.000029,0.000427,0.002190,0.000001,0.035679,0.000089,0.014236,0.021954,0.001900,0.040035,0.341931,0.000027,0.000017,0.004139,0.064102,0.000318,0.000094,0.000012,0.001264,0.001073,0.000001,0.000101,0.000004,0.016743,0.058483,0.023941,0.000028,0.002631,0.000045,0.000171,0.000006,0.000382
0.984218,0.000005,0.000000,0.000000,0.000001,0.000000,0.000014,0.000002,0.000140,0.000000,0.001905,0.000000,0.000001,0.000084,0.000063,0.000003,0.011097,0.000001,0.000000,0.002095,0.000022,0.000001,0.000002,0.000000,0.000103,0.000000,0.000000,0.000000,0.000000,0.000009,0.000002,0.000005,0.000002,0.000005,0.000038,0.000000,0.000000,0.000181
0.994712,0.000000,0.000000,0.000000,0.000066,0.000000,0.000000,0.000000,0.000002,0.000000,0.000010,0.000000,0.000000,0.000000,0.000061,0.000895,0.000002,0.000000,0.000000,0.000001,0.002774,0.000000,0.000004,0.000000,0.000002,0.000000,0.000000,0.000000,0.000000,0.000010,0.000000,0.000001,0.001460,0.000000,0.000000,0.000000,0.000000,0.000000
0.105879,0.000823,0.000000,0.000106,0.000006,0.000025,0.000068,0.000040,0.001927,0.000000,0.007536,0.000002,0.000005,0.000388,0.000754,0.000018,0.002099,0.000061,0.000004,0.854951,0.000231,0.001009,0.002798,0.000035,0.002759,0.000001,0.000000,0.000003,0.000000,0.010914,0.000239,0.000051,0.000013,0.000007,0.000051,0.000001,0.000008,0.007186
0.987715,0.000000,0.000000,0.000000,0.001646,0.000000,0.000055,0.000033,0.000333,0.000001,0.001114,0.000000,0.000002,0.000008,0.005224,0.000004,0.000007,0.000000,0.000000,0.000006,0.002398,0.000000,0.000018,0.000000,0.000015,0.000001,0.000000,0.000000,0.000000,0.001037,0.000002,0.000121,0.000004,0.000247,0.000005,0.000000,0.000000,0.000003
0.979697,0.000002,0.000000,0.000000,0.000226,0.000000,0.000006,0.000005,0.000072,0.000001,0.000033,0.000001,0.000000,0.000000,0.000173,0.000284,0.000080,0.000014,0.000005,0.000004,0.000457,0.000000,0.000001,0.000000,0.000068,0.000001,0.000000,0.000000,0.000000,0.000040,0.000000,0.000019,0.018781,0.000000,0.000019,0.000001,0.000001,0.000009
0.188615,0.007823,0.000293,0.066517,0.087029,0.002021,0.002695,0.008973,0.074791,0.001989,0.008275,0.002353,0.005378,0.098319,0.008268,0.003639,0.032424,0.011092,0.007756,0.006321,0.006808,0.072417,0.001918,0.014801,0.011771,0.048306,0.000525,0.000488,0.000626,0.000766,0.033279,0.037386,0.001542,0.026420,0.070372,0.001442,0.006055,0.040507
0.017307,0.020564,0.000444,0.024755,0.000432,0.000229,0.000516,0.014788,0.082402,0.000356,0.000945,0.006849,0.000143,0.002841,0.004238,0.004940,0.001799,0.074718,0.285637,0.000058,0.110309,0.001561,0.000175,0.001014,0.000548,0.028357,0.000067,0.000222,0.000028,0.003771,0.018727,0.247576,0.000905,0.000239,0.025460,0.000027,0.015469,0.001586
0.001581,0.027226,0.000183,0.008006,0.000026,0.000024,0.000022,0.000312,0.004877,0.000050,0.000008,0.006162,0.000003,0.000017,0.000161,0.000053,0.000178,0.171036,0.059344,0.000001,0.008917,0.000010,0.000169,0.002349,0.000189,0.000588,0.000026,0.000380,0.000043,0.000110,0.008768,0.449405,0.000045,0.000336,0.000023,0.000210,0.221323,0.027840
0.002882,0.022528,0.000132,0.027295,0.000169,0.000028,0.000035,0.002520,0.016535,0.000141,0.000014,0.046530,0.000005,0.000253,0.000098,0.000749,0.000583,0.250936,0.035731,0.000009,0.034685,0.000108,0.000590,0.003665,0.000322,0.003182,0.000021,0.000520,0.000138,0.000748,0.030287,0.188051,0.000111,0.000450,0.000053,0.000931,0.274440,0.054525
0.003680,0.130367,0.000119,0.021077,0.000079,0.000036,0.000035,0.004156,0.085227,0.000324,0.000020,0.129671,0.000018,0.001346,0.000180,0.001482,0.000759,0.125239,0.033017,0.000007,0.024978,0.000366,0.000579,0.001636,0.001124,0.001209,0.000045,0.000361,0.000167,0.001836,0.123312,0.063113,0.000043,0.001460,0.000011,0.000704,0.155989,0.086230
0.017493,0.000014,0.000005,0.075708,0.000006,0.000002,0.000027,0.000004,0.000410,0.000001,0.000080,0.000005,0.229212,0.000090,0.000291,0.000057,0.000290,0.000002,0.580681,0.000060,0.007676,0.038204,0.001335,0.000034,0.000038,0.000035,0.000021,0.000219,0.000000,0.025336,0.001174,0.000029,0.000012,0.002711,0.000006,0.000940,0.017788,0.000006
0.006328,0.011220,0.000849,0.314664,0.000059,0.001898,0.000094,0.014229,0.139974,0.000175,0.001444,0.011083,0.000379,0.001022,0.002533,0.004049,0.000610,0.044724,0.104776,0.000054,0.109674,0.002400,0.000113,0.000272,0.000724,0.009219,0.000152,0.000234,0.000085,0.009252,0.134873,0.044035,0.000075,0.000403,0.001462,0.000091,0.025113,0.001657
0.001884,0.044625,0.000859,0.020902,0.000008,0.000112,0.000019,0.000311,0.010469,0.000046,0.000053,0.032872,0.000018,0.000022,0.002622,0.000127,0.000347,0.145439,0.095400,0.000003,0.014941,0.000043,0.000275,0.002018,0.000555,0.000527,0.000046,0.000370,0.000345,0.000409,0.043742,0.379883,0.000036,0.000429,0.000010,0.000100,0.139141,0.060993
0.007674,0.217458,0.000193,0.008714,0.000043,0.000028,0.000058,0.002438,0.023339,0.000230,0.000008,0.085178,0.000021,0.000183,0.000108,0.002691,0.000658,0.115133,0.243368,0.000009,0.012966,0.000254,0.000304,0.004577,0.000223,0.002196,0.000028,0.000390,0.000066,0.001486,0.022783,0.054759,0.000238,0.000281,0.000048,0.000181,0.116151,0.075538
0.001536,0.078186,0.000152,0.016184,0.000081,0.001250,0.000015,0.000992,0.023471,0.000290,0.000142,0.015504,0.000034,0.000210,0.000546,0.001830,0.000631,0.072638,0.427988,0.000005,0.016924,0.000328,0.000077,0.002105,0.000509,0.002407,0.000147,0.000085,0.000084,0.003444,0.065891,0.212754,0.000034,0.000437,0.000032,0.000338,0.039169,0.013551
0.007725,0.031575,0.000251,0.195244,0.002050,0.012211,0.000144,0.017497,0.012388,0.002697,0.000229,0.026013,0.000829,0.006290,0.000187,0.239053,0.000152,0.203937,0.020235,0.000039,0.025742,0.002778,0.000236,0.001501,0.002474,0.046243,0.000232,0.000691,0.000292,0.033387,0.028984,0.028253,0.000359,0.000425,0.001239,0.000982,0.028345,0.019090
0.037881,0.001754,0.000295,0.131055,0.455247,0.016305,0.000082,0.002618,0.005511,0.000191,0.001386,0.003352,0.000823,0.037590,0.004744,0.012894,0.001405,0.022288,0.003953,0.000355,0.041166,0.006124,0.003763,0.005858,0.006517,0.010725,0.001140,0.003025,0.000403,0.002911,0.069941,0.064293,0.000559,0.001147,0.001450,0.021654,0.015285,0.004311
0.723369,0.000666,0.000012,0.092815,0.001351,0.000004,0.000153,0.000055,0.000333,0.000007,0.000405,0.000088,0.001084,0.000529,0.006355,0.049524,0.010196,0.000074,0.027891,0.005230,0.017594,0.002367,0.010640,0.000736,0.003849,0.000271,0.000492,0.000566,0.000002,0.003348,0.001102,0.012311,0.016115,0.000249,0.004623,0.000350,0.005182,0.000065
0.001833,0.048745,0.000171,0.035463,0.000244,0.001136,0.000044,0.016873,0.057274,0.000494,0.000048,0.097036,0.000065,0.003724,0.000083,0.025564,0.000077,0.352627,0.129555,0.000011,0.019874,0.000684,0.000122,0.001289,0.000386,0.008453,0.000043,0.000172,0.000066,0.009463,0.062290,0.016258,0.000126,0.000174,0.000051,0.000768,0.076875,0.031841
0.000576,0.028353,0.000159,0.029023,0.000102,0.000820,0.000021,0.002169,0.015316,0.000257,0.000034,0.148361,0.000019,0.000485,0.000190,0.016378,0.000103,0.238038,0.171273,0.000005,0.043843,0.000418,0.000321,0.001170,0.000470,0.010034,0.000026,0.000072,0.000131,0.003092,0.024380,0.042259,0.000090,0.000357,0.000036,0.000069,0.117945,0.103605
0.003742,0.012191,0.000214,0.089020,0.003653,0.002226,0.000007,0.019622,0.031735,0.000063,0.000200,0.014246,0.000033,0.000936,0.000880,0.002660,0.000366,0.197422,0.153666,0.000005,0.053886,0.000127,0.000082,0.000711,0.000518,0.026025,0.000022,0.000438,0.000047,0.016129,0.135069,0.191725,0.000088,0.000081,0.000110,0.002182,0.039006,0.000867
0.000988,0.010738,0.000013,0.006996,0.005349,0.000050,0.000002,0.014757,0.504587,0.000031,0.000067,0.012643,0.000019,0.002982,0.000038,0.006623,0.000325,0.034775,0.013061,0.000003,0.038195,0.000446,0.000058,0.000389,0.000235,0.000895,0.000008,0.000111,0.000022,0.016123,0.305023,0.007717,0.000016,0.000047,0.000008,0.009240,0.006886,0.000533
0.755194,0.000069,0.000002,0.057991,0.000178,0.000005,0.000128,0.000032,0.000636,0.000004,0.000935,0.000004,0.000660,0.000053,0.004368,0.028703,0.003195,0.000040,0.071166,0.006358,0.002734,0.003879,0.000377,0.000034,0.008330,0.000272,0.000070,0.000033,0.000000,0.007067,0.000292,0.001978,0.005026,0.005581,0.010801,0.000182,0.023601,0.000026
0.486311,0.003627,0.000027,0.046322,0.042057,0.000115,0.000321,0.000438,0.000855,0.000352,0.001135,0.007160,0.001686,0.010268,0.002840,0.144543,0.020124,0.000508,0.008647,0.003947,0.016438,0.003072,0.004594,0.084329,0.001246,0.001942,0.001066,0.000897,0.000052,0.009407,0.022082,0.049737,0.015508,0.000214,0.004392,0.000840,0.001293,0.001609
