0.055901,0.000185,0.000000,0.000028,0.000393,0.000000,0.000002,0.000112,0.000460,0.000000,0.034954,0.000000,0.000000,0.000000,0.000000,0.000141,0.002313,0.000073,0.000005,0.000000,0.006199,0.000040,0.000000,0.000002,0.002069,0.000045,0.000000,0.000000,0.000001,0.000049,0.016627,0.000182,0.000000,0.000167,0.000001,0.878760,0.000002,0.001285
0.010987,0.005460,0.000002,0.135407,0.000236,0.000002,0.000001,0.000048,0.000042,0.000000,0.000384,0.000001,0.000000,0.000000,0.000018,0.000139,0.000158,0.002092,0.000050,0.000000,0.001853,0.000009,0.000000,0.000013,0.020469,0.002268,0.000001,0.000003,0.000755,0.000077,0.010994,0.009395,0.000013,0.000210,0.000009,0.798728,0.000035,0.000141
0.014663,0.000022,0.000001,0.000081,0.000385,0.000001,0.000041,0.000144,0.006510,0.000025,0.152034,0.000000,0.000006,0.000001,0.000005,0.000025,0.001145,0.000059,0.000024,0.000002,0.000834,0.000011,0.000000,0.000002,0.000312,0.000081,0.000001,0.000001,0.008516,0.000025,0.012180,0.006242,0.000003,0.026837,0.000008,0.678595,0.000004,0.091170
0.032094,0.020095,0.000005,0.001586,0.010998,0.000001,0.000122,0.000416,0.236711,0.000428,0.000952,0.013420,0.000041,0.003630,0.000010,0.108681,0.019930,0.005105,0.014055,0.000083,0.347701,0.054692,0.000661,0.027376,0.009249,0.000437,0.000141,0.000248,0.000020,0.011079,0.031976,0.004018,0.000217,0.000153,0.000035,0.037657,0.000766,0.005207
0.000093,0.000044,0.000000,0.000075,0.000007,0.000000,0.000000,0.000000,0.000002,0.000000,0.000005,0.000000,0.000000,0.000000,0.000002,0.000000,0.000003,0.000007,0.000006,0.000000,0.000014,0.000000,0.000000,0.000001,0.000098,0.000023,0.000000,0.000000,0.001162,0.000004,0.000342,0.000091,0.000000,0.000011,0.000000,0.998006,0.000000,0.000003
0.389121,0.000152,0.000000,0.000243,0.371735,0.000000,0.000004,0.000013,0.000850,0.000000,0.018181,0.000001,0.000062,0.000006,0.000008,0.028622,0.086493,0.000007,0.000389,0.000025,0.018733,0.000309,0.000019,0.000136,0.002235,0.000013,0.000008,0.000023,0.000001,0.000241,0.008385,0.003903,0.000026,0.000353,0.000023,0.069028,0.000004,0.000648
0.528544,0.003196,0.000006,0.002407,0.017271,0.000005,0.004522,0.001603,0.045501,0.000297,0.081237,0.000004,0.000007,0.001817,0.000046,0.000806,0.002491,0.001207,0.000855,0.000067,0.021414,0.022675,0.000111,0.000031,0.050215,0.005817,0.000122,0.000276,0.000038,0.001793,0.042945,0.124825,0.000043,0.009043,0.002095,0.005241,0.000096,0.021332
0.010315,0.054488,0.000010,0.284052,0.001146,0.000110,0.000010,0.006180,0.012710,0.000035,0.000265,0.000604,0.000005,0.000057,0.000013,0.010174,0.000283,0.236424,0.003445,0.000003,0.037975,0.000351,0.000005,0.000122,0.018614,0.026005,0.000004,0.000024,0.000146,0.015396,0.200799,0.029644,0.000093,0.000140,0.000079,0.042830,0.005848,0.001594
0.127404,0.000215,0.000001,0.000569,0.003237,0.000004,0.000064,0.000079,0.000365,0.000000,0.497700,0.000000,0.000006,0.000005,0.000004,0.000056,0.004530,0.000055,0.000002,0.000006,0.003040,0.000221,0.000000,0.000004,0.003575,0.000202,0.000001,0.000002,0.000875,0.000028,0.013493,0.000744,0.000002,0.010392,0.000007,0.327305,0.000002,0.005806
0.086290,0.000124,0.000001,0.000060,0.003721,0.000002,0.000004,0.000241,0.009440,0.000000,0.441097,0.000006,0.000061,0.000029,0.000058,0.000279,0.036079,0.000012,0.000167,0.000013,0.015440,0.001818,0.000003,0.000119,0.001278,0.000063,0.000001,0.000005,0.000036,0.000259,0.297705,0.001372,0.000008,0.000498,0.000001,0.073812,0.000016,0.029882
0.015492,0.000248,0.000003,0.000125,0.000177,0.000009,0.000140,0.000356,0.016585,0.001469,0.002855,0.000030,0.000025,0.000018,0.000048,0.001239,0.004381,0.000636,0.004501,0.000011,0.003183,0.000150,0.000044,0.000070,0.017963,0.000312,0.000197,0.000006,0.000238,0.000464,0.022035,0.153829,0.000137,0.104483,0.000247,0.616508,0.000046,0.031738
0.014988,0.001934,0.000000,0.001356,0.000512,0.000000,0.000000,0.000065,0.000367,0.000000,0.000450,0.000001,0.000000,0.000000,0.000000,0.000289,0.000552,0.000533,0.000463,0.000000,0.002679,0.000013,0.000000,0.000012,0.002800,0.001222,0.000000,0.000001,0.000004,0.000366,0.013626,0.001092,0.000005,0.000013,0.000001,0.956618,0.000006,0.000031
0.000144,0.000029,0.000001,0.003886,0.000021,0.000114,0.000016,0.000011,0.000021,0.000000,0.004385,0.000000,0.000000,0.000001,0.000006,0.000000,0.000004,0.000093,0.000001,0.000000,0.000171,0.000003,0.000000,0.000001,0.015941,0.000324,0.000000,0.000000,0.029538,0.000000,0.001505,0.001965,0.000000,0.020556,0.000000,0.919289,0.000005,0.001968
0.158383,0.001618,0.000000,0.001247,0.002392,0.000000,0.000004,0.000032,0.000236,0.000000,0.032322,0.000000,0.000000,0.000003,0.000000,0.000376,0.000621,0.000076,0.000011,0.000000,0.004101,0.000395,0.000000,0.000018,0.024597,0.000328,0.000001,0.000001,0.000000,0.000299,0.034717,0.000253,0.000002,0.000386,0.000002,0.737451,0.000003,0.000121
0.000709,0.000328,0.000001,0.001196,0.000057,0.000036,0.000001,0.000000,0.000005,0.000001,0.000112,0.000000,0.000000,0.000000,0.000100,0.000002,0.000005,0.000073,0.000009,0.000000,0.000023,0.000003,0.000000,0.000005,0.016019,0.000092,0.000001,0.000000,0.018436,0.000001,0.000456,0.000826,0.000001,0.004117,0.000011,0.957284,0.000001,0.000087
0.000523,0.000108,0.000000,0.000319,0.000040,0.000002,0.000001,0.000001,0.000013,0.000001,0.000059,0.000000,0.000000,0.000000,0.000011,0.000005,0.000014,0.000026,0.000013,0.000000,0.000021,0.000002,0.000000,0.000004,0.001012,0.000043,0.000000,0.000001,0.008397,0.000002,0.000072,0.000432,0.000001,0.001061,0.000003,0.987701,0.000001,0.000113
0.247200,0.001221,0.000002,0.001747,0.070239,0.000002,0.000040,0.000253,0.010523,0.000007,0.004388,0.000004,0.000011,0.000876,0.000001,0.013830,0.004986,0.000823,0.000257,0.000032,0.034273,0.001638,0.000041,0.000982,0.003986,0.000445,0.000081,0.000027,0.000002,0.000325,0.375806,0.033496,0.000004,0.000128,0.000018,0.187227,0.000041,0.005037
0.004125,0.000346,0.000001,0.003036,0.000513,0.000016,0.000002,0.000026,0.000437,0.000001,0.002774,0.000002,0.000000,0.000001,0.000008,0.000082,0.000529,0.000469,0.000046,0.000000,0.001681,0.000021,0.000000,0.000018,0.009215,0.000528,0.000001,0.000001,0.000297,0.000053,0.015309,0.001589,0.000003,0.000656,0.000003,0.953742,0.000023,0.004444
0.016855,0.000364,0.000000,0.000018,0.027203,0.000011,0.000000,0.000005,0.000473,0.000000,0.003930,0.000000,0.000002,0.000020,0.000001,0.000005,0.000286,0.000004,0.000009,0.000001,0.000594,0.001307,0.000001,0.001124,0.000217,0.000009,0.000003,0.000001,0.000001,0.000002,0.065512,0.000272,0.000000,0.000064,0.000000,0.880089,0.000002,0.001613
0.831663,0.000092,0.000136,0.020956,0.000351,0.002608,0.001764,0.000309,0.010142,0.000109,0.012032,0.000025,0.016233,0.012245,0.000421,0.000105,0.028933,0.000127,0.000243,0.017736,0.000262,0.013718,0.001680,0.000119,0.000649,0.005823,0.000099,0.000135,0.000053,0.000056,0.002262,0.002415,0.000026,0.013921,0.001947,0.000094,0.000129,0.000384
0.001544,0.000014,0.000000,0.000361,0.000455,0.000004,0.000000,0.000001,0.000003,0.000000,0.000442,0.000000,0.000000,0.000000,0.000006,0.000009,0.000015,0.000004,0.000001,0.000000,0.000567,0.000001,0.000000,0.000001,0.002045,0.000007,0.000000,0.000000,0.000093,0.000002,0.000258,0.000053,0.000000,0.001688,0.000001,0.992308,0.000001,0.000116
