0.002789,0.000712,0.000104,0.004825,0.000000,0.000002,0.000081,0.000517,0.005629,0.000075,0.000003,0.383759,0.000003,0.000003,0.000008,0.000252,0.000006,0.079741,0.035769,0.000002,0.044360,0.000021,0.000101,0.000733,0.000048,0.000922,0.000003,0.000082,0.000017,0.000185,0.001368,0.030208,0.000253,0.000022,0.000042,0.000003,0.284424,0.122928
0.000407,0.000946,0.000036,0.022907,0.000001,0.000095,0.000036,0.003738,0.110956,0.000326,0.000239,0.395358,0.000017,0.000037,0.000008,0.002973,0.000012,0.225431,0.009760,0.000003,0.088953,0.004118,0.000018,0.000050,0.000835,0.010226,0.000008,0.000006,0.000035,0.003937,0.016250,0.008296,0.000072,0.000060,0.000042,0.000004,0.066978,0.026826
0.001665,0.002490,0.000054,0.077339,0.000010,0.000916,0.000031,0.104694,0.336835,0.000108,0.000196,0.061434,0.000060,0.003409,0.000028,0.001749,0.000016,0.145637,0.004790,0.000021,0.069315,0.025074,0.000003,0.000034,0.000139,0.018570,0.000016,0.000014,0.000031,0.015042,0.079388,0.001736,0.000003,0.000105,0.000120,0.000009,0.045903,0.003017
0.001130,0.001144,0.000043,0.139885,0.000006,0.001462,0.000031,0.012018,0.100746,0.000076,0.000137,0.236986,0.000474,0.000446,0.000126,0.035716,0.000021,0.099450,0.001925,0.000007,0.205482,0.013044,0.000048,0.000026,0.001800,0.007407,0.000004,0.000012,0.000154,0.046492,0.056330,0.000567,0.000027,0.000065,0.000011,0.000013,0.022802,0.013888
0.017110,0.014737,0.000162,0.022308,0.000103,0.000029,0.000311,0.059584,0.146211,0.000216,0.000204,0.071377,0.000088,0.003519,0.000118,0.002494,0.000053,0.356352,0.050952,0.000025,0.091742,0.015984,0.000056,0.000360,0.000271,0.017624,0.000029,0.000082,0.000053,0.004361,0.042378,0.001103,0.000071,0.000046,0.000591,0.000016,0.057338,0.021942
0.003699,0.000231,0.000212,0.087120,0.001263,0.046273,0.000049,0.135003,0.022517,0.000083,0.000619,0.020267,0.000103,0.017421,0.000404,0.002429,0.000046,0.284135,0.006789,0.000090,0.041340,0.010641,0.000037,0.000062,0.001111,0.168478,0.000015,0.000084,0.000031,0.006253,0.077405,0.003094,0.000042,0.000136,0.000525,0.000035,0.061142,0.000815
0.029884,0.005175,0.000137,0.111317,0.004283,0.001178,0.001490,0.010317,0.020851,0.000929,0.056505,0.000790,0.000312,0.006916,0.000330,0.019428,0.000761,0.037127,0.003297,0.000228,0.065552,0.048594,0.000031,0.000235,0.260281,0.198268,0.000038,0.000828,0.000203,0.047760,0.045940,0.001897,0.000388,0.000490,0.010796,0.000314,0.001895,0.005233
0.000372,0.000720,0.000175,0.029649,0.000004,0.000451,0.000033,0.005458,0.028600,0.000119,0.000190,0.379695,0.000032,0.000279,0.000092,0.002521,0.000013,0.184075,0.019353,0.000008,0.162443,0.000725,0.000117,0.000119,0.000138,0.009072,0.000015,0.000040,0.000079,0.002804,0.022363,0.022397,0.000052,0.000151,0.000056,0.000005,0.096711,0.030870
0.002439,0.001533,0.000268,0.012357,0.000007,0.000033,0.000216,0.001898,0.014984,0.000105,0.000039,0.346857,0.000049,0.000033,0.000040,0.002884,0.000024,0.324796,0.028219,0.000007,0.019142,0.000240,0.000096,0.000883,0.000845,0.003545,0.000015,0.000073,0.000052,0.000372,0.004190,0.021626,0.001135,0.000028,0.000056,0.000008,0.131090,0.079817
0.000794,0.000027,0.000025,0.044016,0.000042,0.005064,0.000009,0.037588,0.001249,0.000016,0.000119,0.001240,0.000001,0.000182,0.000006,0.000128,0.000001,0.638144,0.001799,0.000000,0.063737,0.000044,0.000000,0.000004,0.002863,0.141354,0.000000,0.000004,0.000001,0.000114,0.009976,0.004876,0.000002,0.000008,0.000091,0.000025,0.046105,0.000345
0.006456,0.000050,0.000142,0.051818,0.001365,0.015897,0.000103,0.008583,0.001619,0.000026,0.000451,0.000691,0.000011,0.300558,0.009269,0.000159,0.000049,0.054181,0.001847,0.000016,0.347511,0.001057,0.000004,0.000007,0.044071,0.072974,0.000002,0.000184,0.000002,0.000072,0.010533,0.003541,0.000034,0.000078,0.001191,0.000065,0.064958,0.000424
0.001757,0.002302,0.000110,0.038628,0.000029,0.000754,0.000083,0.022857,0.045962,0.000213,0.002829,0.010703,0.000032,0.000677,0.000098,0.003616,0.000097,0.487739,0.072037,0.000016,0.085950,0.003681,0.000004,0.000050,0.001820,0.138971,0.000014,0.000022,0.000034,0.003217,0.017616,0.039536,0.000026,0.000077,0.001363,0.000004,0.013457,0.003620
0.003112,0.001595,0.000050,0.012907,0.000000,0.000005,0.000023,0.000101,0.014677,0.000027,0.000029,0.311565,0.000016,0.000001,0.000050,0.001495,0.000005,0.435129,0.005635,0.000000,0.024846,0.000154,0.000220,0.000067,0.010529,0.000195,0.000001,0.000003,0.000031,0.000238,0.002289,0.002298,0.002011,0.000020,0.000002,0.000015,0.082727,0.087931
0.130300,0.000219,0.000033,0.001794,0.026603,0.000235,0.000821,0.000663,0.041788,0.000080,0.183795,0.005202,0.000731,0.018163,0.003502,0.006531,0.126250,0.000138,0.001441,0.034028,0.224594,0.008430,0.000144,0.006085,0.040570,0.006585,0.000014,0.000182,0.000225,0.028979,0.073259,0.017192,0.002080,0.003396,0.000366,0.001527,0.000130,0.003925
0.002896,0.000414,0.000045,0.007977,0.000000,0.000014,0.000023,0.000081,0.004156,0.000018,0.000011,0.167996,0.000004,0.000001,0.000012,0.000305,0.000005,0.320546,0.005785,0.000001,0.008737,0.000027,0.000044,0.000144,0.001301,0.000139,0.000001,0.000004,0.000011,0.000067,0.001653,0.015765,0.000520,0.000012,0.000005,0.000005,0.343694,0.117579
0.001584,0.000137,0.000027,0.011182,0.000000,0.000006,0.000016,0.000249,0.007006,0.000011,0.000008,0.491217,0.000003,0.000001,0.000005,0.000455,0.000005,0.162803,0.004249,0.000001,0.019068,0.000047,0.000034,0.000091,0.000206,0.000195,0.000001,0.000006,0.000003,0.000192,0.004010,0.005884,0.000109,0.000008,0.000004,0.000001,0.202684,0.088494
0.000410,0.000526,0.000019,0.009414,0.000001,0.000008,0.000029,0.001524,0.040659,0.000038,0.000519,0.383863,0.000010,0.000066,0.000037,0.002526,0.000012,0.023165,0.016000,0.000004,0.476132,0.001503,0.000135,0.000032,0.000103,0.002293,0.000003,0.000015,0.000003,0.006116,0.005759,0.001491,0.000062,0.000014,0.000076,0.000000,0.015825,0.011609
0.008381,0.001961,0.000063,0.031606,0.000001,0.000057,0.000072,0.000795,0.023899,0.000038,0.000045,0.522430,0.000113,0.000010,0.000109,0.010988,0.000046,0.152159,0.003461,0.000003,0.032365,0.000974,0.000528,0.000160,0.010880,0.000634,0.000004,0.000009,0.000116,0.003116,0.007657,0.001496,0.001395,0.000038,0.000006,0.000023,0.078729,0.105634
0.055012,0.217333,0.000246,0.002971,0.000012,0.000002,0.000632,0.000817,0.136608,0.000493,0.000038,0.090860,0.000020,0.000008,0.000034,0.000110,0.000427,0.153071,0.045134,0.000007,0.005657,0.000475,0.000159,0.000755,0.020511,0.000672,0.000018,0.000335,0.000169,0.000424,0.003624,0.031569,0.005477,0.000133,0.000089,0.000047,0.147685,0.078368
0.011738,0.013076,0.000126,0.010880,0.000002,0.000012,0.000132,0.000938,0.134665,0.000123,0.000180,0.051011,0.000020,0.000005,0.000058,0.000430,0.000220,0.490602,0.054211,0.000004,0.029251,0.000556,0.000033,0.000345,0.003778,0.001464,0.000007,0.000026,0.000016,0.000383,0.009939,0.032616,0.000452,0.000017,0.000082,0.000014,0.095053,0.057536
0.000508,0.000125,0.000059,0.040644,0.000011,0.002369,0.000065,0.039216,0.131268,0.000145,0.001337,0.173617,0.000029,0.007637,0.000174,0.001975,0.000021,0.134051,0.021133,0.000042,0.237401,0.009319,0.000005,0.000024,0.000109,0.093468,0.000011,0.000036,0.000010,0.043163,0.018701,0.003490,0.000034,0.000140,0.000809,0.000001,0.036559,0.002295
0.006953,0.001396,0.000402,0.063297,0.043016,0.017760,0.000406,0.008752,0.036022,0.000561,0.037575,0.004160,0.004346,0.059253,0.001264,0.014280,0.002335,0.051515,0.007793,0.000609,0.127152,0.034845,0.000261,0.000396,0.022595,0.359718,0.000054,0.001384,0.000167,0.023729,0.049571,0.003370,0.001844,0.000651,0.005837,0.000694,0.003543,0.002494
0.002640,0.002864,0.000074,0.027918,0.002256,0.002933,0.000129,0.025739,0.101312,0.000188,0.005048,0.134935,0.000848,0.020175,0.000703,0.063158,0.000242,0.020286,0.002800,0.000213,0.159886,0.052689,0.001881,0.000410,0.003553,0.016579,0.000033,0.000736,0.000098,0.247016,0.076138,0.003126,0.001011,0.000141,0.000093,0.000325,0.009853,0.011973
0.060786,0.005971,0.000451,0.067850,0.019569,0.002894,0.000533,0.046097,0.064913,0.001435,0.002472,0.026388,0.000540,0.075459,0.008065,0.010878,0.001732,0.131603,0.014613,0.000438,0.092683,0.058648,0.000243,0.001821,0.027854,0.076347,0.000079,0.000398,0.000294,0.009097,0.063996,0.012251,0.001229,0.001608,0.054042,0.000260,0.048374,0.008090
0.007696,0.005063,0.000193,0.052328,0.039510,0.003928,0.000954,0.058304,0.076228,0.000117,0.002955,0.008108,0.001078,0.030008,0.000618,0.004053,0.001086,0.206043,0.000363,0.001334,0.145562,0.038780,0.000075,0.000318,0.007689,0.160284,0.000025,0.000329,0.000805,0.042226,0.077330,0.003400,0.000186,0.002576,0.002206,0.000638,0.005797,0.011810
0.027060,0.017487,0.000892,0.028141,0.017318,0.001025,0.003539,0.047011,0.014085,0.004564,0.000970,0.024396,0.001795,0.099217,0.023833,0.003345,0.001896,0.111208,0.008088,0.002057,0.055778,0.030667,0.000584,0.005913,0.015555,0.048797,0.000140,0.001518,0.000378,0.002626,0.035950,0.010881,0.027620,0.001214,0.213635,0.000605,0.032241,0.077971
