0.030068,0.012951,0.000106,0.009283,0.020105,0.000847,0.003862,0.005137,0.002600,0.000499,0.040457,0.001384,0.002424,0.060413,0.098825,0.005476,0.012991,0.015483,0.003075,0.015058,0.011762,0.026523,0.000357,0.005318,0.263275,0.004810,0.000092,0.000542,0.000232,0.000506,0.002361,0.002015,0.061567,0.001151,0.217563,0.000427,0.002155,0.058301
0.048283,0.370565,0.000018,0.002923,0.000108,0.000014,0.002178,0.003270,0.002505,0.000796,0.002689,0.004882,0.000052,0.000377,0.000151,0.001412,0.196298,0.023824,0.000096,0.002782,0.003454,0.004098,0.000197,0.019219,0.073388,0.000534,0.000011,0.000071,0.000023,0.000593,0.002564,0.003322,0.097715,0.000059,0.008242,0.001761,0.006061,0.115464
0.028094,0.136876,0.000107,0.009606,0.000364,0.000040,0.004140,0.026903,0.009771,0.002056,0.001155,0.011526,0.000175,0.003091,0.001268,0.001065,0.009795,0.069498,0.000706,0.002135,0.007632,0.001608,0.000425,0.003513,0.011073,0.001572,0.000029,0.000251,0.000052,0.000497,0.008373,0.007167,0.111658,0.000161,0.081060,0.000200,0.020656,0.425702
0.001629,0.821316,0.000002,0.000060,0.000039,0.000044,0.076075,0.000053,0.070971,0.000286,0.000140,0.000007,0.000006,0.000004,0.000438,0.000001,0.001647,0.000355,0.000029,0.000059,0.000034,0.009695,0.000013,0.004154,0.010690,0.000019,0.000021,0.000099,0.000018,0.000047,0.000448,0.000008,0.000059,0.000054,0.000080,0.001100,0.000046,0.000251
0.000723,0.996691,0.000001,0.000006,0.000000,0.000000,0.000088,0.000000,0.000546,0.000000,0.000002,0.000000,0.000000,0.000000,0.000019,0.000000,0.000008,0.000012,0.000000,0.000000,0.000000,0.000039,0.000000,0.000001,0.001671,0.000000,0.000000,0.000000,0.000001,0.000001,0.000052,0.000000,0.000000,0.000036,0.000002,0.000005,0.000001,0.000094
0.456159,0.498359,0.000069,0.000152,0.000056,0.000070,0.000708,0.000008,0.004592,0.000004,0.008780,0.000128,0.000116,0.000029,0.002438,0.000031,0.004209,0.000249,0.000018,0.001630,0.000082,0.004836,0.000078,0.001187,0.011743,0.000009,0.000048,0.000028,0.000062,0.000641,0.000973,0.000004,0.000212,0.000311,0.000260,0.000053,0.000019,0.001648
0.021568,0.941418,0.000068,0.000335,0.000008,0.000048,0.000303,0.000007,0.018681,0.000002,0.000421,0.000013,0.000001,0.000007,0.003373,0.000000,0.000274,0.001160,0.000008,0.000020,0.000003,0.005890,0.000000,0.000181,0.002445,0.000003,0.000012,0.000007,0.000040,0.000042,0.000805,0.000017,0.000005,0.000367,0.000005,0.000293,0.000091,0.002079
0.003785,0.589428,0.000006,0.000082,0.000026,0.000006,0.000436,0.000003,0.398413,0.000002,0.000018,0.000003,0.000016,0.000006,0.000257,0.000000,0.000288,0.000150,0.000028,0.000007,0.000006,0.004244,0.000001,0.001917,0.000081,0.000001,0.000003,0.000035,0.000001,0.000014,0.000074,0.000006,0.000009,0.000010,0.000002,0.000069,0.000061,0.000505
0.000034,0.998380,0.000000,0.000000,0.000000,0.000000,0.000854,0.000000,0.000032,0.000000,0.000000,0.000000,0.000000,0.000000,0.000000,0.000000,0.000002,0.000003,0.000000,0.000000,0.000000,0.000005,0.000000,0.000000,0.000670,0.000000,0.000000,0.000000,0.000000,0.000000,0.000006,0.000000,0.000000,0.000005,0.000000,0.000005,0.000000,0.000002
0.005184,0.954877,0.000131,0.001351,0.000020,0.000078,0.000115,0.000003,0.010283,0.000001,0.000268,0.000046,0.000001,0.000034,0.010983,0.000000,0.000174,0.000532,0.000122,0.000008,0.000025,0.007092,0.000003,0.000108,0.005077,0.000041,0.000002,0.000017,0.000099,0.000120,0.001937,0.000014,0.000017,0.000229,0.000006,0.000499,0.000029,0.000474
0.000354,0.990211,0.000000,0.000001,0.000000,0.000000,0.006441,0.000000,0.002555,0.000000,0.000002,0.000000,0.000000,0.000000,0.000001,0.000000,0.000004,0.000002,0.000000,0.000000,0.000000,0.000010,0.000000,0.000002,0.000384,0.000000,0.000000,0.000000,0.000001,0.000000,0.000013,0.000000,0.000000,0.000001,0.000001,0.000008,0.000000,0.000009
0.001282,0.992779,0.000008,0.000047,0.000001,0.000010,0.000527,0.000001,0.001908,0.000000,0.000018,0.000000,0.000000,0.000000,0.000349,0.000000,0.000012,0.000100,0.000004,0.000000,0.000001,0.000608,0.000000,0.000017,0.001983,0.000002,0.000000,0.000001,0.000010,0.000001,0.000076,0.000001,0.000001,0.000023,0.000001,0.000184,0.000003,0.000043
0.000161,0.009306,0.000062,0.002256,0.000217,0.000270,0.001327,0.003945,0.001200,0.000250,0.000258,0.000448,0.000006,0.515280,0.220315,0.000123,0.000038,0.095107,0.037293,0.000010,0.005500,0.001242,0.000002,0.000118,0.002719,0.056348,0.000002,0.000035,0.000004,0.000003,0.000107,0.000554,0.001003,0.000037,0.037425,0.000003,0.006565,0.000463
0.032373,0.872921,0.000002,0.000667,0.000001,0.000018,0.000810,0.000159,0.069943,0.000001,0.000023,0.000004,0.000000,0.000019,0.007259,0.000000,0.001004,0.002536,0.000001,0.002169,0.000001,0.004200,0.000004,0.000040,0.004444,0.000001,0.000000,0.000005,0.000002,0.000015,0.000121,0.000003,0.000011,0.000087,0.000222,0.000052,0.000010,0.000869
