0.287627,0.000687,0.000083,0.006385,0.000002,0.023046,0.002506,0.000042,0.011853,0.000003,0.000230,0.000004,0.018314,0.000039,0.005577,0.000169,0.004445,0.000004,0.000221,0.001306,0.000022,0.040289,0.001681,0.000028,0.025368,0.000079,0.001315,0.000016,0.000001,0.000280,0.029849,0.001484,0.000010,0.347199,0.189521,0.000007,0.000214,0.000094
0.000094,0.000118,0.000011,0.000006,0.000001,0.000013,0.001118,0.000273,0.002123,0.000043,0.002609,0.000014,0.000013,0.000204,0.000943,0.000000,0.001142,0.000311,0.000043,0.000029,0.000147,0.000699,0.000009,0.000016,0.000186,0.000034,0.000000,0.000044,0.000021,0.001322,0.969388,0.000831,0.000041,0.000010,0.000032,0.000051,0.000015,0.018040
0.000001,0.000000,0.000000,0.000000,0.000001,0.000000,0.000111,0.000036,0.001945,0.000008,0.000111,0.000000,0.000000,0.000000,0.000007,0.000000,0.001053,0.000007,0.000003,0.000000,0.000004,0.000002,0.000000,0.000001,0.000000,0.000000,0.000000,0.000001,0.000005,0.000013,0.986056,0.000137,0.000000,0.000002,0.000002,0.000004,0.000000,0.010489
0.110299,0.000255,0.000483,0.000047,0.000044,0.000803,0.007365,0.000112,0.011932,0.000031,0.017524,0.000015,0.000124,0.002464,0.091635,0.000009,0.001280,0.000041,0.000651,0.000185,0.000074,0.025961,0.001214,0.000009,0.015441,0.001186,0.000301,0.000005,0.000091,0.000078,0.129332,0.000947,0.000036,0.516077,0.063554,0.000066,0.000278,0.000051
0.005981,0.000010,0.000038,0.005723,0.000034,0.000002,0.000009,0.000002,0.000590,0.000087,0.000527,0.000007,0.000577,0.000370,0.000166,0.002229,0.085351,0.000001,0.000032,0.553799,0.001346,0.000010,0.032453,0.000021,0.000002,0.000035,0.000485,0.014490,0.000001,0.000136,0.183076,0.111473,0.000041,0.000326,0.000562,0.000001,0.000002,0.000006
0.000005,0.000000,0.000000,0.000001,0.000002,0.000012,0.000245,0.000440,0.001569,0.000237,0.004943,0.000000,0.000001,0.000038,0.000091,0.000000,0.000123,0.000076,0.000006,0.000001,0.000015,0.000020,0.000001,0.000001,0.000010,0.000057,0.000000,0.000004,0.000012,0.000056,0.974053,0.016027,0.000002,0.000064,0.000001,0.000167,0.000001,0.001718
0.000028,0.000005,0.000000,0.000000,0.000002,0.000002,0.000011,0.000005,0.000521,0.000000,0.000533,0.000000,0.000002,0.000018,0.000010,0.000000,0.000852,0.000032,0.000004,0.000002,0.000007,0.000369,0.000001,0.000007,0.000005,0.000009,0.000000,0.000000,0.000000,0.000054,0.992216,0.000254,0.000000,0.000006,0.000000,0.000014,0.000000,0.005030
0.001709,0.000057,0.000015,0.000082,0.000546,0.000261,0.001557,0.000234,0.006057,0.000072,0.101351,0.000007,0.000021,0.000668,0.000280,0.000007,0.008358,0.006064,0.000294,0.000501,0.001070,0.002137,0.000004,0.000056,0.001205,0.001341,0.000004,0.000017,0.000167,0.000393,0.688110,0.145556,0.000005,0.006687,0.000013,0.004429,0.000054,0.020609
0.000216,0.000054,0.000001,0.000012,0.005908,0.000038,0.025900,0.000866,0.007019,0.000077,0.028317,0.000085,0.000043,0.000055,0.000165,0.000123,0.798233,0.000309,0.000014,0.081092,0.007632,0.000169,0.000013,0.000362,0.000512,0.000428,0.000002,0.000635,0.000825,0.016678,0.006189,0.004072,0.000020,0.001235,0.000040,0.000390,0.000008,0.012261
0.001383,0.003236,0.000004,0.000410,0.000038,0.000044,0.000038,0.000556,0.062631,0.005024,0.000430,0.001366,0.000021,0.010324,0.002076,0.000989,0.002629,0.001096,0.005581,0.000116,0.000323,0.020038,0.000014,0.008993,0.000932,0.002742,0.000001,0.000006,0.000006,0.001541,0.856785,0.003987,0.000039,0.001903,0.000110,0.000004,0.000197,0.004391
0.000003,0.000001,0.000000,0.000000,0.000001,0.000001,0.000030,0.000023,0.000270,0.000351,0.001606,0.000000,0.000000,0.000001,0.000006,0.000000,0.000067,0.000026,0.000002,0.000000,0.000001,0.000009,0.000000,0.000000,0.000000,0.000002,0.000000,0.000000,0.000046,0.000003,0.983747,0.000858,0.000000,0.000033,0.000000,0.000166,0.000000,0.012744
0.491565,0.000052,0.000142,0.006202,0.000148,0.000072,0.000857,0.000012,0.004583,0.007086,0.003252,0.000002,0.007592,0.000559,0.000043,0.000578,0.008526,0.000013,0.000404,0.000886,0.004713,0.000209,0.000706,0.000090,0.000482,0.000471,0.160430,0.004550,0.003742,0.000011,0.017964,0.119469,0.000018,0.124353,0.000410,0.029260,0.000092,0.000458
0.000017,0.000046,0.000002,0.000008,0.000001,0.000002,0.000112,0.000093,0.001870,0.000060,0.003831,0.000004,0.000002,0.000004,0.000010,0.000000,0.000416,0.000277,0.000029,0.000001,0.000010,0.000051,0.000001,0.000006,0.000008,0.000005,0.000000,0.000002,0.000014,0.000040,0.903271,0.000531,0.000014,0.000014,0.000003,0.000123,0.000008,0.089111
0.000031,0.000002,0.000000,0.000056,0.000001,0.000293,0.000020,0.000017,0.000214,0.000000,0.000033,0.000000,0.000003,0.000004,0.000044,0.000001,0.000004,0.000211,0.000003,0.000002,0.000099,0.000000,0.000004,0.000002,0.000024,0.000029,0.000000,0.000035,0.000000,0.000000,0.990363,0.004504,0.000000,0.000014,0.000001,0.003529,0.000200,0.000259
0.355543,0.001338,0.000002,0.038646,0.016072,0.000010,0.000037,0.000034,0.005445,0.000072,0.001109,0.000015,0.000346,0.001399,0.000033,0.103670,0.071754,0.000124,0.000447,0.001205,0.014788,0.002905,0.000139,0.000767,0.007575,0.001618,0.000191,0.000221,0.000008,0.000270,0.116037,0.253512,0.000010,0.001721,0.000325,0.001945,0.000048,0.000619
0.000000,0.000000,0.000000,0.000002,0.000001,0.000000,0.000009,0.000000,0.000354,0.000001,0.000023,0.000000,0.000003,0.000001,0.000000,0.000000,0.007844,0.000002,0.000000,0.000012,0.000003,0.000000,0.000005,0.000000,0.000000,0.000000,0.000000,0.000443,0.000000,0.000001,0.987294,0.002733,0.000000,0.000002,0.000020,0.000000,0.000000,0.001243
0.000461,0.000002,0.000010,0.718275,0.000534,0.050272,0.000000,0.000533,0.000231,0.000001,0.000003,0.000013,0.000000,0.000028,0.000256,0.000538,0.000008,0.006820,0.000160,0.000000,0.017342,0.000002,0.000003,0.000003,0.000058,0.001050,0.000006,0.000008,0.000000,0.000009,0.047023,0.139947,0.000000,0.000007,0.000016,0.000172,0.016137,0.000071
0.010110,0.000057,0.000000,0.000363,0.025905,0.000008,0.000000,0.000084,0.002121,0.000000,0.002968,0.000000,0.000003,0.000025,0.000001,0.000441,0.000570,0.000082,0.000024,0.000001,0.011249,0.000077,0.000001,0.000059,0.001673,0.000173,0.000001,0.000001,0.000003,0.000064,0.629865,0.001607,0.000000,0.000104,0.000001,0.310287,0.000008,0.002062
0.000696,0.006165,0.000081,0.062139,0.000003,0.000421,0.000013,0.002809,0.035599,0.000186,0.000042,0.076763,0.000014,0.001300,0.000147,0.000588,0.000045,0.062222,0.003179,0.000004,0.021617,0.000393,0.000137,0.000217,0.000296,0.001010,0.000052,0.000051,0.000166,0.003587,0.392896,0.081738,0.000005,0.001004,0.000007,0.000059,0.200348,0.044004
0.088674,0.000037,0.000229,0.316645,0.046534,0.038978,0.000111,0.026191,0.000258,0.000000,0.000105,0.000032,0.000010,0.004225,0.001181,0.000013,0.000040,0.195967,0.000093,0.000013,0.063660,0.000152,0.000003,0.000026,0.044249,0.103111,0.000001,0.000030,0.000043,0.000002,0.025876,0.006318,0.000002,0.002704,0.000213,0.006029,0.024005,0.004240
0.020228,0.000163,0.000003,0.001612,0.228996,0.000181,0.000017,0.001158,0.005952,0.000002,0.033574,0.000004,0.000042,0.000359,0.000021,0.000283,0.001375,0.001564,0.000053,0.000013,0.022540,0.000506,0.000001,0.000083,0.012584,0.010065,0.000002,0.000012,0.000434,0.000162,0.181009,0.001887,0.000006,0.000867,0.000022,0.462550,0.000067,0.011604
0.007554,0.000265,0.000002,0.003648,0.000027,0.001190,0.000246,0.000171,0.000474,0.000001,0.050291,0.000000,0.000001,0.000015,0.000006,0.000000,0.000013,0.001272,0.000001,0.000000,0.000532,0.000075,0.000000,0.000000,0.014960,0.000866,0.000000,0.000000,0.000300,0.000002,0.052070,0.005922,0.000000,0.022562,0.000001,0.539796,0.000037,0.297702
0.001456,0.000903,0.000017,0.073681,0.000001,0.000932,0.000010,0.008186,0.011454,0.000064,0.000003,0.111456,0.000006,0.000791,0.000040,0.005898,0.000008,0.070654,0.001428,0.000001,0.004519,0.000260,0.000028,0.000195,0.000123,0.000298,0.000010,0.000011,0.000063,0.003214,0.164516,0.004779,0.000003,0.000332,0.000003,0.000016,0.345304,0.189338
0.051122,0.000322,0.000080,0.033796,0.027161,0.077286,0.000707,0.003530,0.003686,0.000008,0.016989,0.000050,0.000173,0.039638,0.007865,0.000047,0.004928,0.050677,0.000135,0.000161,0.012134,0.040852,0.000006,0.000100,0.128921,0.437370,0.000003,0.000019,0.000134,0.000020,0.029909,0.002264,0.000011,0.020177,0.000565,0.002688,0.001611,0.004854
0.080542,0.007325,0.000015,0.005870,0.165920,0.000223,0.000081,0.000695,0.277410,0.000072,0.005551,0.000933,0.000081,0.009137,0.000283,0.002586,0.020596,0.003676,0.001024,0.000178,0.012492,0.065591,0.000299,0.013419,0.025971,0.003009,0.000091,0.000201,0.000079,0.003390,0.161009,0.016678,0.000078,0.000640,0.000282,0.105250,0.001606,0.007718
0.373942,0.001724,0.000029,0.027338,0.004027,0.000117,0.000014,0.031234,0.105693,0.000045,0.000007,0.002715,0.000034,0.112123,0.005617,0.000126,0.000018,0.138864,0.006028,0.000009,0.009888,0.065219,0.000007,0.000201,0.000082,0.018966,0.000004,0.000033,0.000007,0.005874,0.058042,0.000563,0.000011,0.000061,0.000710,0.000012,0.029496,0.001120
0.000584,0.001786,0.000877,0.184991,0.000286,0.026173,0.000819,0.006689,0.002924,0.000109,0.002276,0.002299,0.000100,0.340562,0.018454,0.000258,0.000696,0.052462,0.001497,0.000381,0.010213,0.007479,0.000059,0.000303,0.042312,0.151550,0.000015,0.000078,0.001330,0.000091,0.068762,0.030048,0.000413,0.014984,0.007236,0.000122,0.019448,0.001335
