0.000149,0.983607,0.000000,0.000000,0.000000,0.000000,0.007389,0.000000,0.007578,0.000001,0.000001,0.000000,0.000000,0.000000,0.000000,0.000000,0.000008,0.000003,0.000001,0.000000,0.000000,0.000446,0.000000,0.000021,0.000159,0.000000,0.000000,0.000000,0.000001,0.000000,0.000184,0.000000,0.000000,0.000001,0.000000,0.000298,0.000001,0.000148
0.766483,0.115673,0.000010,0.000011,0.000000,0.000038,0.000269,0.000003,0.028714,0.000000,0.002773,0.000008,0.000001,0.000004,0.018005,0.000000,0.000943,0.000064,0.000003,0.000468,0.000000,0.047706,0.000000,0.000679,0.014874,0.000002,0.000001,0.000001,0.000040,0.000001,0.002815,0.000000,0.000002,0.000012,0.000011,0.000082,0.000023,0.000281
0.049451,0.002171,0.000632,0.000071,0.000553,0.001565,0.140181,0.003362,0.504365,0.036115,0.001704,0.000013,0.000124,0.000590,0.006828,0.000009,0.000725,0.000810,0.000191,0.002915,0.000091,0.000383,0.000263,0.000022,0.001683,0.000275,0.000057,0.000024,0.002979,0.000050,0.005453,0.001131,0.000026,0.135291,0.067981,0.031481,0.000091,0.000346
0.003457,0.435076,0.000272,0.004288,0.002196,0.000029,0.012752,0.004365,0.011038,0.001465,0.010103,0.004566,0.000013,0.257861,0.024300,0.001119,0.005154,0.046064,0.011561,0.000331,0.007556,0.002904,0.000195,0.000468,0.030462,0.002429,0.000018,0.000131,0.000018,0.000087,0.000702,0.003445,0.015067,0.016406,0.029317,0.000090,0.010192,0.044504
0.000296,0.997038,0.000010,0.000015,0.000000,0.000001,0.000224,0.000000,0.000537,0.000000,0.000027,0.000001,0.000000,0.000000,0.000072,0.000000,0.000005,0.000066,0.000003,0.000000,0.000000,0.000012,0.000000,0.000004,0.000366,0.000001,0.000000,0.000001,0.000143,0.000002,0.000636,0.000003,0.000001,0.000036,0.000000,0.000098,0.000003,0.000399
0.005687,0.992865,0.000003,0.000002,0.000000,0.000001,0.000054,0.000000,0.000219,0.000000,0.000098,0.000000,0.000000,0.000000,0.000027,0.000000,0.000004,0.000013,0.000003,0.000000,0.000000,0.000018,0.000000,0.000014,0.000131,0.000000,0.000000,0.000000,0.000040,0.000000,0.000611,0.000000,0.000000,0.000010,0.000000,0.000048,0.000000,0.000150
0.003195,0.969689,0.000003,0.000008,0.000000,0.000002,0.002063,0.000000,0.022876,0.000000,0.000306,0.000002,0.000001,0.000000,0.000015,0.000000,0.000043,0.000023,0.000002,0.000002,0.000000,0.000721,0.000000,0.000219,0.000112,0.000000,0.000001,0.000004,0.000003,0.000002,0.000419,0.000000,0.000001,0.000002,0.000000,0.000045,0.000004,0.000233
0.012662,0.964392,0.000001,0.000007,0.000001,0.000004,0.016130,0.000006,0.000775,0.000002,0.000050,0.000001,0.000001,0.000002,0.000002,0.000000,0.000054,0.000036,0.000001,0.000004,0.000001,0.000233,0.000001,0.000006,0.005167,0.000001,0.000004,0.000003,0.000002,0.000021,0.000103,0.000000,0.000002,0.000039,0.000169,0.000026,0.000002,0.000088
0.008192,0.982545,0.000059,0.000011,0.000000,0.000002,0.001762,0.000000,0.002916,0.000001,0.000018,0.000005,0.000006,0.000000,0.000276,0.000000,0.000004,0.000092,0.000014,0.000001,0.000000,0.000001,0.000000,0.000063,0.000258,0.000000,0.000000,0.000065,0.000260,0.000009,0.002612,0.000003,0.000002,0.000014,0.000002,0.000081,0.000002,0.000722
0.010507,0.986234,0.000024,0.000007,0.000000,0.000012,0.000243,0.000000,0.000288,0.000001,0.000036,0.000001,0.000001,0.000000,0.000191,0.000000,0.000002,0.000042,0.000003,0.000000,0.000000,0.000009,0.000000,0.000010,0.000379,0.000000,0.000000,0.000004,0.000235,0.000001,0.001117,0.000002,0.000000,0.000050,0.000009,0.000193,0.000001,0.000398
0.000771,0.998279,0.000000,0.000000,0.000000,0.000000,0.000086,0.000000,0.000117,0.000000,0.000094,0.000000,0.000000,0.000000,0.000002,0.000000,0.000001,0.000002,0.000000,0.000000,0.000000,0.000058,0.000000,0.000007,0.000026,0.000000,0.000000,0.000000,0.000020,0.000000,0.000428,0.000000,0.000000,0.000006,0.000000,0.000086,0.000000,0.000015
0.000363,0.998703,0.000001,0.000001,0.000000,0.000000,0.000156,0.000000,0.000376,0.000001,0.000009,0.000000,0.000000,0.000000,0.000001,0.000000,0.000006,0.000017,0.000001,0.000000,0.000000,0.000017,0.000000,0.000004,0.000149,0.000000,0.000000,0.000000,0.000000,0.000000,0.000136,0.000000,0.000000,0.000002,0.000000,0.000011,0.000001,0.000046
0.036142,0.823603,0.000002,0.000003,0.000001,0.000010,0.097750,0.000001,0.031653,0.000043,0.000302,0.000002,0.000018,0.000001,0.000084,0.000000,0.000021,0.000028,0.000025,0.000005,0.000002,0.000197,0.000000,0.001127,0.000264,0.000000,0.000001,0.000020,0.000104,0.000008,0.007478,0.000000,0.000006,0.000004,0.000003,0.000528,0.000002,0.000562
0.004832,0.900491,0.000004,0.000008,0.000002,0.000005,0.051028,0.000003,0.032581,0.000098,0.000190,0.000001,0.000001,0.000001,0.000011,0.000000,0.000461,0.000085,0.000019,0.000003,0.000000,0.002012,0.000000,0.000251,0.003735,0.000002,0.000007,0.000003,0.000022,0.000004,0.002154,0.000002,0.000005,0.000035,0.000004,0.001100,0.000009,0.000833
0.000460,0.955547,0.000000,0.000018,0.000000,0.000001,0.002292,0.000008,0.038335,0.000006,0.000018,0.000001,0.000000,0.000004,0.000041,0.000000,0.000071,0.000148,0.000001,0.000026,0.000000,0.001586,0.000000,0.000020,0.000376,0.000000,0.000000,0.000002,0.000001,0.000012,0.000517,0.000001,0.000001,0.000012,0.000008,0.000043,0.000003,0.000441
