0.066763,0.000003,0.000000,0.000004,0.000221,0.000000,0.000001,0.000000,0.000001,0.000000,0.011705,0.000000,0.000002,0.000000,0.000000,0.000002,0.026767,0.000000,0.000000,0.000005,0.000004,0.000001,0.000000,0.000000,0.000001,0.000000,0.000001,0.000000,0.000000,0.000000,0.000002,0.000008,0.000000,0.894493,0.000014,0.000001,0.000000,0.000000
0.000131,0.000011,0.000000,0.000001,0.000136,0.000000,0.000013,0.000000,0.000004,0.000000,0.000052,0.000000,0.000001,0.000000,0.000000,0.000000,0.081878,0.000000,0.000000,0.000047,0.000007,0.000000,0.000000,0.000000,0.000005,0.000000,0.000006,0.000000,0.000001,0.000000,0.000000,0.000004,0.000000,0.917400,0.000287,0.000014,0.000000,0.000000
0.454926,0.000059,0.000001,0.000358,0.000008,0.000005,0.000045,0.000021,0.000039,0.000000,0.001127,0.000000,0.000003,0.000005,0.000006,0.000001,0.000270,0.000000,0.000000,0.000003,0.000000,0.000168,0.000000,0.000000,0.003928,0.000001,0.000003,0.000000,0.000003,0.000000,0.000004,0.000331,0.000000,0.538289,0.000248,0.000006,0.000000,0.000142
0.000303,0.000038,0.000632,0.000000,0.000002,0.000000,0.000001,0.000000,0.000000,0.000000,0.000000,0.000000,0.000000,0.000000,0.000000,0.000000,0.000000,0.000000,0.000055,0.000000,0.000004,0.000016,0.000000,0.000000,0.000000,0.000000,0.000022,0.000002,0.000000,0.000000,0.000016,0.000004,0.000001,0.998853,0.000004,0.000047,0.000000,0.000000
0.642358,0.000023,0.000001,0.025070,0.000645,0.000001,0.000017,0.000003,0.002260,0.000006,0.005777,0.000000,0.000006,0.000005,0.000001,0.000076,0.003744,0.000009,0.000001,0.000013,0.000023,0.000009,0.000000,0.000001,0.000225,0.000021,0.002931,0.000008,0.000053,0.000001,0.000100,0.010430,0.000001,0.304533,0.000046,0.001493,0.000002,0.000106
0.010625,0.000010,0.000002,0.000022,0.000041,0.000000,0.000018,0.000000,0.000181,0.000111,0.000049,0.000000,0.000009,0.000001,0.000000,0.000001,0.000018,0.000000,0.000000,0.000001,0.000001,0.000004,0.000002,0.000000,0.000009,0.000001,0.111094,0.000006,0.000073,0.000000,0.000029,0.002482,0.000000,0.874291,0.000150,0.000770,0.000000,0.000001
0.001262,0.000000,0.000549,0.000011,0.000000,0.000000,0.000000,0.000000,0.000000,0.000000,0.000000,0.000000,0.000703,0.000000,0.000000,0.000000,0.000000,0.000000,0.000003,0.000000,0.000000,0.000016,0.000000,0.000000,0.000001,0.000000,0.000001,0.000000,0.000000,0.000000,0.000001,0.000002,0.000000,0.997446,0.000004,0.000001,0.000000,0.000000
0.000871,0.000001,0.000004,0.000002,0.000000,0.000015,0.000423,0.000000,0.000052,0.000000,0.000006,0.000000,0.000190,0.000000,0.000005,0.000000,0.000000,0.000000,0.000000,0.000001,0.000000,0.000000,0.000000,0.000000,0.000056,0.000000,0.000001,0.000000,0.000813,0.000000,0.000001,0.000005,0.000000,0.995820,0.001710,0.000023,0.000000,0.000000
0.000018,0.000000,0.000058,0.000000,0.000000,0.000000,0.000001,0.000000,0.000000,0.000000,0.000000,0.000000,0.000003,0.000000,0.000000,0.000000,0.000000,0.000000,0.000002,0.000000,0.000000,0.000209,0.000000,0.000000,0.000000,0.000000,0.000089,0.000000,0.000000,0.000000,0.000000,0.000000,0.000000,0.999609,0.000010,0.000000,0.000000,0.000000
0.001230,0.000002,0.012920,0.000003,0.000010,0.000016,0.001589,0.000002,0.000834,0.000039,0.000037,0.000000,0.002746,0.000003,0.009043,0.000000,0.000029,0.000004,0.000308,0.000055,0.000047,0.000073,0.001822,0.000000,0.000053,0.000017,0.000033,0.000008,0.000013,0.000006,0.000106,0.000014,0.000008,0.916249,0.052538,0.000002,0.000138,0.000000
0.021075,0.000000,0.000000,0.000018,0.000000,0.000000,0.000031,0.000000,0.000093,0.000010,0.000118,0.000000,0.000103,0.000000,0.000000,0.000000,0.000017,0.000000,0.000001,0.000002,0.000006,0.000009,0.000018,0.000000,0.000013,0.000001,0.000148,0.000005,0.000008,0.000000,0.000029,0.001829,0.000000,0.976037,0.000012,0.000415,0.000000,0.000001
0.013199,0.000002,0.000003,0.000039,0.000001,0.000000,0.000001,0.000000,0.000007,0.000000,0.000000,0.000000,0.001348,0.000000,0.000000,0.000001,0.000004,0.000000,0.000000,0.000000,0.000000,0.000004,0.000001,0.000000,0.000004,0.000000,0.002834,0.000001,0.000002,0.000000,0.000000,0.000074,0.000000,0.981486,0.000984,0.000003,0.000000,0.000000
0.000664,0.000012,0.000000,0.000000,0.000633,0.000000,0.000006,0.000000,0.000000,0.000000,0.000006,0.000000,0.000090,0.000000,0.000000,0.000000,0.000418,0.000000,0.000000,0.000045,0.000001,0.000000,0.000005,0.000000,0.000000,0.000000,0.000020,0.000000,0.000000,0.000000,0.000000,0.000002,0.000000,0.995062,0.003032,0.000000,0.000000,0.000000
0.086404,0.000372,0.000189,0.000808,0.000872,0.000139,0.001603,0.000191,0.011264,0.000766,0.062518,0.000013,0.001188,0.000306,0.000069,0.000072,0.014699,0.000095,0.000061,0.000331,0.000461,0.000231,0.000007,0.000183,0.000549,0.000915,0.002433,0.000077,0.294375,0.000008,0.004749,0.009488,0.000011,0.468078,0.000827,0.034727,0.000069,0.000854
0.000327,0.000000,0.000108,0.000033,0.000002,0.000000,0.000013,0.000000,0.000002,0.000010,0.000000,0.000000,0.997674,0.000000,0.000009,0.000000,0.000000,0.000000,0.000938,0.000000,0.000019,0.000078,0.000288,0.000000,0.000000,0.000000,0.000074,0.000021,0.000006,0.000000,0.000045,0.000000,0.000000,0.000316,0.000005,0.000025,0.000004,0.000000
0.000412,0.000014,0.000000,0.000029,0.000732,0.000000,0.000008,0.000000,0.000006,0.000004,0.000328,0.000000,0.000006,0.000000,0.000000,0.000008,0.075991,0.000000,0.000000,0.000783,0.000008,0.000000,0.000004,0.000000,0.000001,0.000000,0.000111,0.000002,0.000001,0.000000,0.000001,0.000065,0.000000,0.917395,0.004087,0.000005,0.000000,0.000000
0.000535,0.000022,0.000001,0.000002,0.004278,0.000000,0.000072,0.000000,0.000053,0.002440,0.000159,0.000000,0.000380,0.000000,0.000000,0.000001,0.000223,0.000000,0.000000,0.000009,0.000000,0.000000,0.000000,0.000000,0.000000,0.000001,0.000166,0.000004,0.002721,0.000000,0.000004,0.000105,0.000000,0.981246,0.007338,0.000239,0.000000,0.000000
0.011429,0.000168,0.000120,0.020145,0.002442,0.010455,0.000476,0.000573,0.026245,0.000043,0.243591,0.000210,0.000091,0.008979,0.000690,0.000090,0.002390,0.009903,0.000228,0.000206,0.004885,0.004095,0.000043,0.000058,0.006296,0.132098,0.000029,0.000073,0.004181,0.000422,0.127769,0.197434,0.000049,0.065032,0.000126,0.103439,0.000810,0.014685
