0.018486,0.000458,0.000005,0.000641,0.018515,0.000019,0.000163,0.001116,0.009020,0.000019,0.234775,0.000016,0.000094,0.000107,0.000067,0.003064,0.005139,0.001482,0.000171,0.000118,0.060773,0.000894,0.000016,0.000065,0.006248,0.000302,0.000001,0.000040,0.000032,0.008187,0.563508,0.001315,0.000020,0.000391,0.000025,0.016587,0.000047,0.048074
0.082364,0.003124,0.000095,0.002857,0.495322,0.000093,0.002161,0.005587,0.017105,0.000803,0.184607,0.000423,0.000127,0.006359,0.000328,0.006029,0.001638,0.013805,0.002007,0.001669,0.031890,0.014740,0.000154,0.000379,0.040664,0.005611,0.000007,0.000901,0.000212,0.004325,0.015451,0.003525,0.001560,0.001439,0.028928,0.010322,0.000385,0.013006
0.092774,0.001024,0.000019,0.001912,0.023578,0.000064,0.000070,0.002495,0.047442,0.000145,0.069251,0.000137,0.000027,0.000142,0.000121,0.009557,0.024471,0.007550,0.006786,0.000033,0.011595,0.004282,0.000008,0.000633,0.019635,0.000903,0.000016,0.000031,0.000034,0.004825,0.318536,0.055989,0.000325,0.002159,0.000264,0.193602,0.000961,0.098604
0.178264,0.001314,0.000016,0.001327,0.011004,0.000037,0.000457,0.000339,0.011335,0.000147,0.075339,0.000015,0.000065,0.000154,0.000042,0.001116,0.020670,0.002952,0.000381,0.000171,0.007325,0.002192,0.000008,0.000195,0.024382,0.000723,0.000024,0.000039,0.000267,0.001002,0.081828,0.027790,0.000082,0.015259,0.000504,0.455255,0.000168,0.077813
0.048019,0.000024,0.000001,0.000273,0.886946,0.000002,0.000001,0.000106,0.001242,0.000000,0.016402,0.000014,0.000048,0.000074,0.000041,0.006260,0.002074,0.000035,0.000324,0.000005,0.019863,0.001355,0.000021,0.000065,0.004178,0.000053,0.000000,0.000015,0.000000,0.000534,0.010683,0.000091,0.000011,0.000016,0.000004,0.001128,0.000012,0.000081
0.297071,0.000215,0.000008,0.047901,0.020000,0.003472,0.000023,0.000450,0.001017,0.000002,0.067823,0.000015,0.000011,0.000226,0.009755,0.001463,0.002218,0.006554,0.000170,0.000065,0.025635,0.001092,0.000002,0.000041,0.295121,0.000462,0.000001,0.000004,0.000199,0.000141,0.037831,0.005052,0.000040,0.008566,0.000167,0.076001,0.000055,0.091134
0.025662,0.001374,0.000003,0.000140,0.013637,0.000008,0.000046,0.000548,0.012447,0.000006,0.018889,0.000023,0.000037,0.000021,0.000020,0.000756,0.011061,0.002069,0.000771,0.000047,0.010563,0.000668,0.000008,0.001046,0.001959,0.000040,0.000004,0.000036,0.000221,0.000913,0.294944,0.003917,0.000036,0.000422,0.000016,0.404481,0.000236,0.192926
0.030225,0.003796,0.000001,0.000181,0.000002,0.000000,0.000022,0.000022,0.010024,0.000020,0.004589,0.000017,0.000000,0.000000,0.000003,0.000013,0.033142,0.001034,0.000398,0.000003,0.000069,0.000173,0.000001,0.000405,0.027364,0.000005,0.000012,0.000013,0.000415,0.000035,0.011159,0.005301,0.000030,0.001526,0.000003,0.648935,0.000232,0.220832
0.687115,0.000090,0.000001,0.000048,0.000061,0.000001,0.000096,0.000437,0.002739,0.000121,0.273812,0.000005,0.000006,0.000018,0.000560,0.000899,0.007397,0.000143,0.000998,0.000065,0.004866,0.001721,0.000234,0.000010,0.010940,0.000052,0.000000,0.000000,0.000001,0.002258,0.000244,0.000178,0.000233,0.000868,0.000033,0.000400,0.000089,0.003258
0.042194,0.000400,0.000003,0.000170,0.244116,0.000084,0.000039,0.000175,0.002162,0.000003,0.179650,0.000020,0.000129,0.000528,0.000136,0.001138,0.019621,0.000377,0.000260,0.000312,0.008375,0.005396,0.000037,0.000870,0.006549,0.000041,0.000002,0.000030,0.000005,0.001596,0.425091,0.001920,0.000032,0.000726,0.000029,0.018435,0.000085,0.039267
0.013508,0.000014,0.000000,0.000023,0.898897,0.000003,0.000001,0.000056,0.000598,0.000000,0.018692,0.000001,0.000222,0.000033,0.000008,0.002066,0.007518,0.000024,0.000005,0.000209,0.006615,0.000143,0.000007,0.000033,0.000303,0.000004,0.000000,0.000004,0.000002,0.000103,0.045686,0.000075,0.000002,0.000431,0.000004,0.001142,0.000001,0.003567
0.009013,0.000071,0.000000,0.000010,0.000004,0.000002,0.000017,0.000009,0.014554,0.000005,0.092593,0.000000,0.000001,0.000010,0.000003,0.000009,0.072532,0.000025,0.000057,0.000006,0.000063,0.008475,0.000000,0.000474,0.003335,0.000004,0.000089,0.000002,0.000001,0.000016,0.120307,0.013331,0.000000,0.001890,0.000001,0.285636,0.000020,0.377437
0.000826,0.000238,0.000000,0.000000,0.003692,0.000000,0.000001,0.000003,0.000663,0.000001,0.000614,0.000001,0.000001,0.000017,0.000000,0.000030,0.000373,0.000006,0.000231,0.000001,0.000818,0.000130,0.000002,0.003403,0.000022,0.000000,0.000002,0.000002,0.000002,0.000018,0.037059,0.000335,0.000000,0.000005,0.000000,0.942966,0.000002,0.008532
0.017708,0.000844,0.000001,0.000003,0.760657,0.000003,0.000108,0.000020,0.001893,0.000004,0.036601,0.000003,0.000343,0.000741,0.000106,0.000504,0.015776,0.000041,0.000897,0.001280,0.011131,0.016014,0.000110,0.012610,0.001922,0.000024,0.000001,0.000011,0.000045,0.000056,0.049238,0.000169,0.000004,0.000203,0.000024,0.042137,0.000008,0.028759
0.201463,0.001648,0.000002,0.000012,0.015673,0.000006,0.000274,0.000068,0.010418,0.000007,0.226903,0.000003,0.000715,0.000044,0.000164,0.000069,0.182293,0.000008,0.000423,0.000631,0.004685,0.005719,0.000029,0.001466,0.000127,0.000003,0.000015,0.000011,0.001717,0.000074,0.027554,0.000899,0.000006,0.010217,0.000067,0.200575,0.000009,0.106002
0.190109,0.343292,0.000012,0.002975,0.000551,0.000025,0.000169,0.000168,0.008408,0.000268,0.007803,0.000479,0.000005,0.000752,0.000017,0.001282,0.009543,0.001755,0.001119,0.000019,0.011170,0.021291,0.000015,0.003725,0.159243,0.034271,0.000065,0.000025,0.000625,0.001351,0.079909,0.009427,0.000077,0.003308,0.000077,0.105184,0.000166,0.001320
0.158728,0.000184,0.000006,0.000138,0.059224,0.000023,0.000046,0.000054,0.002422,0.000011,0.134630,0.000002,0.001376,0.000018,0.000323,0.000490,0.074602,0.000013,0.000055,0.000073,0.003566,0.000056,0.000004,0.000040,0.000279,0.000155,0.000014,0.000017,0.036509,0.000070,0.007053,0.005207,0.000010,0.135953,0.000077,0.376878,0.000003,0.001693
0.003697,0.000344,0.000000,0.000001,0.000001,0.000004,0.000002,0.000002,0.000479,0.000000,0.013831,0.000000,0.000000,0.000002,0.000000,0.000000,0.000211,0.000002,0.000002,0.000000,0.000004,0.001487,0.000000,0.000459,0.000024,0.000002,0.000001,0.000000,0.000017,0.000000,0.035617,0.000012,0.000000,0.000156,0.000000,0.922183,0.000001,0.021459
0.102570,0.007969,0.000048,0.001751,0.005424,0.006515,0.000217,0.001010,0.014904,0.000023,0.066624,0.000052,0.000441,0.030102,0.002775,0.000238,0.079009,0.002174,0.000503,0.008253,0.005302,0.239069,0.000142,0.034239,0.063340,0.001197,0.000043,0.000057,0.000364,0.000243,0.163035,0.005078,0.000064,0.006990,0.000108,0.045814,0.000817,0.103496
0.000318,0.000006,0.000000,0.000003,0.008719,0.000003,0.000000,0.000068,0.001107,0.000000,0.001186,0.000000,0.000000,0.000014,0.000000,0.000016,0.000031,0.000102,0.000017,0.000000,0.002575,0.000039,0.000001,0.000006,0.000086,0.000011,0.000000,0.000001,0.000003,0.000004,0.111663,0.006416,0.000000,0.000106,0.000000,0.817954,0.000043,0.049501
0.028041,0.000150,0.000002,0.000319,0.005582,0.000018,0.000016,0.000030,0.009861,0.000012,0.174748,0.000001,0.000003,0.000243,0.000006,0.000188,0.000622,0.000199,0.000045,0.000001,0.013640,0.001982,0.000000,0.000006,0.017056,0.002736,0.000019,0.000002,0.000006,0.000171,0.106808,0.021059,0.000001,0.002578,0.000006,0.601138,0.000023,0.012678
