0.017543,0.000357,0.000014,0.143107,0.000670,0.001637,0.003022,0.003091,0.001081,0.000002,0.067691,0.000025,0.000112,0.000084,0.000021,0.000331,0.004246,0.004058,0.000001,0.000306,0.023958,0.000120,0.000000,0.000016,0.090506,0.001959,0.000001,0.000034,0.168005,0.000182,0.028341,0.027408,0.000004,0.140401,0.000052,0.211056,0.000135,0.060426
0.012428,0.000026,0.000006,0.018477,0.295927,0.009613,0.000006,0.000182,0.000429,0.000000,0.042776,0.003086,0.002412,0.010182,0.007204,0.144346,0.002482,0.000365,0.000081,0.000963,0.337539,0.000264,0.000008,0.000010,0.070072,0.001455,0.000000,0.000165,0.000016,0.009722,0.027423,0.001028,0.000121,0.000836,0.000051,0.000218,0.000012,0.000069
0.000335,0.000027,0.000011,0.171300,0.001508,0.196925,0.000015,0.012975,0.004602,0.000031,0.000155,0.000362,0.000002,0.001932,0.000015,0.000172,0.000006,0.201461,0.000060,0.000006,0.004302,0.001514,0.000001,0.000004,0.003170,0.358128,0.000002,0.000007,0.000009,0.000121,0.024072,0.004229,0.000001,0.000359,0.000190,0.000041,0.011261,0.000691
0.000673,0.000001,0.000023,0.014974,0.004866,0.131013,0.000004,0.000621,0.006576,0.000001,0.000968,0.015310,0.000050,0.002477,0.011776,0.001421,0.000012,0.002266,0.000100,0.000119,0.771691,0.000011,0.000002,0.000001,0.014371,0.006593,0.000000,0.000477,0.000039,0.000768,0.007141,0.004008,0.000011,0.000950,0.000021,0.000346,0.000216,0.000102
0.002467,0.000783,0.000022,0.066557,0.000212,0.011863,0.000008,0.033973,0.033619,0.000211,0.001690,0.001794,0.000007,0.000460,0.000034,0.001574,0.000074,0.323431,0.025964,0.000003,0.068345,0.001239,0.000002,0.000024,0.002732,0.257691,0.000010,0.000008,0.000014,0.004742,0.103543,0.034725,0.000010,0.000054,0.000164,0.000122,0.020730,0.001100
0.000669,0.000128,0.000066,0.232883,0.000641,0.102490,0.000278,0.000228,0.000515,0.000001,0.013958,0.000060,0.000046,0.007014,0.000455,0.000039,0.000223,0.006474,0.000188,0.000011,0.010274,0.001540,0.000006,0.000005,0.041539,0.530047,0.000002,0.000007,0.000311,0.000093,0.038543,0.001712,0.000008,0.004185,0.000067,0.002650,0.002350,0.000295
0.019925,0.000001,0.000001,0.000012,0.003139,0.000017,0.000001,0.000043,0.000343,0.000000,0.002824,0.010532,0.001061,0.068786,0.004195,0.605888,0.000120,0.000012,0.000028,0.000894,0.262057,0.000016,0.000019,0.000000,0.000330,0.002472,0.000000,0.000140,0.000000,0.015671,0.000906,0.000157,0.000407,0.000002,0.000000,0.000000,0.000001,0.000000
0.000365,0.001888,0.000124,0.225848,0.000028,0.000617,0.000004,0.008957,0.009074,0.000015,0.000048,0.055022,0.000005,0.000185,0.000297,0.000324,0.000024,0.207225,0.015421,0.000002,0.074710,0.000108,0.000055,0.000107,0.000311,0.017112,0.000008,0.000062,0.000259,0.002204,0.088091,0.110578,0.000009,0.000199,0.000013,0.000103,0.172734,0.007864
0.000194,0.000082,0.000026,0.022735,0.007205,0.012545,0.000049,0.012055,0.008007,0.000092,0.001690,0.329762,0.004776,0.006655,0.000776,0.357153,0.000097,0.019636,0.001869,0.000595,0.110390,0.002203,0.000258,0.000227,0.000382,0.018212,0.000022,0.000639,0.000037,0.060130,0.012582,0.001404,0.003039,0.000058,0.000073,0.000040,0.002998,0.001310
0.000032,0.000009,0.000030,0.016829,0.000002,0.003139,0.000001,0.000297,0.008384,0.000011,0.000211,0.256916,0.000001,0.000185,0.000679,0.000992,0.000001,0.071185,0.000998,0.000000,0.329470,0.000192,0.000431,0.000017,0.000651,0.001190,0.000004,0.000027,0.000017,0.001350,0.024270,0.009532,0.000004,0.000350,0.000003,0.000007,0.262779,0.009803
0.009812,0.000006,0.000001,0.000004,0.046523,0.000019,0.000049,0.000131,0.003283,0.000001,0.000957,0.006393,0.000025,0.002828,0.000940,0.023134,0.000420,0.000055,0.000017,0.099999,0.067623,0.000001,0.000002,0.000000,0.000006,0.001060,0.000001,0.000621,0.000000,0.730135,0.000018,0.005701,0.000224,0.000006,0.000001,0.000000,0.000002,0.000001
0.947987,0.000000,0.000000,0.048817,0.000326,0.000000,0.000000,0.000000,0.000015,0.000000,0.000001,0.000000,0.000020,0.000200,0.000068,0.000780,0.000315,0.000000,0.000002,0.000002,0.000469,0.000021,0.000015,0.000000,0.000021,0.000003,0.000000,0.000000,0.000000,0.000000,0.000301,0.000482,0.000000,0.000151,0.000003,0.000000,0.000000,0.000000
0.000281,0.000449,0.000042,0.009946,0.000115,0.001104,0.000002,0.020368,0.082234,0.000102,0.000092,0.019927,0.000003,0.000228,0.000049,0.000574,0.000025,0.393200,0.152499,0.000001,0.089529,0.000235,0.000004,0.000096,0.000075,0.037429,0.000004,0.000009,0.000013,0.002002,0.096987,0.060315,0.000006,0.000020,0.000032,0.000032,0.031003,0.000966
0.761122,0.000001,0.000000,0.000013,0.008052,0.000018,0.000004,0.000156,0.001230,0.000000,0.006270,0.000382,0.000204,0.013752,0.001431,0.054220,0.002632,0.000006,0.000001,0.001199,0.116653,0.000002,0.000000,0.000000,0.000084,0.000685,0.000000,0.000007,0.000000,0.030330,0.000630,0.000647,0.000002,0.000262,0.000002,0.000000,0.000000,0.000003
0.000256,0.001088,0.000056,0.333658,0.000008,0.000622,0.000002,0.006164,0.016411,0.000034,0.000147,0.200769,0.000024,0.005698,0.000121,0.003890,0.000024,0.044190,0.000504,0.000007,0.085359,0.002227,0.000193,0.000029,0.000105,0.003928,0.000026,0.000079,0.000141,0.010931,0.191865,0.020161,0.000009,0.000509,0.000007,0.000019,0.062632,0.008108
