0.000366,0.000000,0.000000,0.000000,0.000006,0.000000,0.000000,0.000000,0.000001,0.000000,0.000359,0.000000,0.000002,0.000000,0.000000,0.000000,0.038315,0.000000,0.000000,0.000007,0.000000,0.000000,0.000000,0.000000,0.000000,0.000000,0.000004,0.000000,0.000000,0.000000,0.000000,0.000001,0.000000,0.960904,0.000029,0.000006,0.000000,0.000000
0.067153,0.000172,0.000000,0.000344,0.000003,0.000002,0.000109,0.000007,0.000029,0.000000,0.000100,0.000000,0.000000,0.000005,0.000015,0.000002,0.000682,0.000001,0.000000,0.000037,0.000000,0.000041,0.000000,0.000000,0.003912,0.000000,0.000002,0.000000,0.000000,0.000000,0.000002,0.001794,0.000000,0.925201,0.000351,0.000001,0.000000,0.000033
0.008253,0.000001,0.000001,0.000000,0.000028,0.000001,0.001010,0.000001,0.000334,0.000019,0.000618,0.000000,0.000006,0.000001,0.000001,0.000000,0.000057,0.000000,0.000005,0.000017,0.000019,0.000004,0.000031,0.000000,0.000023,0.000002,0.000002,0.000000,0.000001,0.000002,0.000063,0.000893,0.000000,0.988260,0.000341,0.000002,0.000001,0.000001
0.000931,0.000000,0.000000,0.000000,0.000001,0.000000,0.000143,0.000000,0.000009,0.000000,0.000003,0.000000,0.000001,0.000000,0.000001,0.000000,0.000004,0.000000,0.000002,0.000013,0.000009,0.000001,0.000936,0.000000,0.000011,0.000000,0.000001,0.000000,0.000000,0.000003,0.000001,0.000009,0.000000,0.997785,0.000136,0.000000,0.000001,0.000000
0.035999,0.000025,0.001297,0.000054,0.000126,0.000241,0.008229,0.000107,0.004411,0.000839,0.002124,0.000055,0.000449,0.000079,0.025785,0.000015,0.002164,0.000059,0.001566,0.019442,0.000979,0.000252,0.012408,0.000009,0.000420,0.000083,0.000022,0.000028,0.000005,0.003359,0.000159,0.000193,0.000953,0.867086,0.007973,0.000022,0.002979,0.000006
0.010119,0.000001,0.000001,0.000000,0.000188,0.000000,0.000048,0.000000,0.000002,0.000000,0.000002,0.000000,0.000055,0.000000,0.000000,0.000002,0.000656,0.000000,0.000000,0.000067,0.000011,0.000000,0.001112,0.000000,0.000008,0.000000,0.000005,0.000000,0.000000,0.000000,0.000000,0.000042,0.000001,0.942944,0.044734,0.000001,0.000000,0.000000
0.011114,0.000242,0.000007,0.000538,0.000649,0.000025,0.000164,0.000048,0.000053,0.000000,0.036186,0.000042,0.000046,0.000239,0.000041,0.000055,0.041781,0.000016,0.000000,0.000728,0.000262,0.000746,0.000000,0.000007,0.002261,0.000006,0.000002,0.000001,0.000070,0.000020,0.000092,0.000380,0.000003,0.901841,0.000137,0.000176,0.000001,0.002023
0.002677,0.000022,0.000000,0.000002,0.002591,0.000000,0.000277,0.000002,0.000028,0.000000,0.380515,0.000000,0.000020,0.000000,0.000000,0.000002,0.017461,0.000001,0.000000,0.000101,0.000203,0.000001,0.000012,0.000000,0.000015,0.000002,0.000000,0.000000,0.000130,0.000005,0.000018,0.000027,0.000000,0.595475,0.000023,0.000348,0.000000,0.000045
0.009336,0.000081,0.000089,0.001099,0.007245,0.000089,0.005537,0.000389,0.029669,0.113056,0.044780,0.000053,0.000499,0.000298,0.000086,0.000116,0.008140,0.001006,0.000107,0.000281,0.000552,0.000042,0.000042,0.000010,0.000554,0.000514,0.000313,0.000155,0.007580,0.000333,0.001308,0.032137,0.000395,0.686006,0.022128,0.024740,0.000078,0.001159
0.059496,0.000028,0.000000,0.000022,0.000238,0.000001,0.000120,0.000006,0.001957,0.000009,0.516873,0.000000,0.000048,0.000002,0.000004,0.000018,0.233466,0.000001,0.000005,0.000009,0.000157,0.000118,0.000001,0.000002,0.000036,0.000014,0.000019,0.000001,0.000085,0.000006,0.001947,0.001056,0.000000,0.176781,0.000028,0.006478,0.000001,0.000969
0.014515,0.000004,0.000000,0.000000,0.000245,0.000000,0.000020,0.000000,0.000000,0.000000,0.000118,0.000000,0.000005,0.000000,0.000000,0.000000,0.003715,0.000000,0.000000,0.000000,0.000002,0.000000,0.000001,0.000000,0.000001,0.000000,0.000000,0.000000,0.000000,0.000000,0.000000,0.000000,0.000000,0.981333,0.000025,0.000013,0.000000,0.000000
0.000552,0.000003,0.000000,0.000000,0.000053,0.000000,0.000016,0.000000,0.000001,0.000002,0.000081,0.000000,0.000000,0.000000,0.000000,0.000000,0.000250,0.000000,0.000000,0.000000,0.000000,0.000000,0.000003,0.000000,0.000006,0.000000,0.000007,0.000000,0.000001,0.000000,0.000000,0.000001,0.000000,0.998800,0.000148,0.000076,0.000000,0.000000
0.031361,0.000133,0.000009,0.000475,0.000340,0.000008,0.001040,0.000146,0.006231,0.001206,0.149248,0.000002,0.000016,0.000191,0.000008,0.000011,0.003187,0.000142,0.000015,0.000014,0.000205,0.000321,0.000004,0.000001,0.001651,0.000223,0.000073,0.000006,0.000119,0.000048,0.001444,0.008071,0.000006,0.787738,0.000318,0.004313,0.000013,0.001663
0.000496,0.000081,0.000002,0.000158,0.003715,0.000002,0.000730,0.000020,0.002386,0.025726,0.000895,0.000004,0.000044,0.000004,0.000001,0.000063,0.023468,0.000056,0.000012,0.000209,0.000039,0.000004,0.000003,0.000002,0.000496,0.000007,0.000423,0.000059,0.000761,0.000033,0.000068,0.001059,0.000019,0.851974,0.078905,0.007924,0.000006,0.000143
0.002072,0.000034,0.000001,0.000041,0.001536,0.000000,0.000276,0.000032,0.004810,0.015388,0.000235,0.000000,0.000002,0.000001,0.000001,0.000001,0.000530,0.000103,0.000005,0.000003,0.000005,0.000001,0.000000,0.000000,0.000218,0.000003,0.000011,0.000000,0.001046,0.000006,0.000018,0.000514,0.000017,0.934580,0.012241,0.025879,0.000003,0.000385
0.002294,0.000012,0.000001,0.000058,0.001161,0.000000,0.000283,0.000035,0.027834,0.119444,0.000126,0.000001,0.000013,0.000000,0.000001,0.000004,0.000932,0.000052,0.000015,0.000004,0.000007,0.000001,0.000000,0.000001,0.001062,0.000004,0.000021,0.000004,0.025907,0.000014,0.000037,0.000763,0.000090,0.743765,0.027688,0.047583,0.000004,0.000780
0.000187,0.000005,0.000000,0.000002,0.001155,0.000000,0.000005,0.000000,0.000002,0.000004,0.000024,0.000000,0.000001,0.000000,0.000000,0.000000,0.013065,0.000000,0.000000,0.000007,0.000004,0.000000,0.000001,0.000000,0.000004,0.000000,0.000007,0.000000,0.000000,0.000000,0.000000,0.000010,0.000000,0.984112,0.001226,0.000177,0.000000,0.000000
0.000621,0.000046,0.000001,0.000049,0.001492,0.000000,0.000340,0.000009,0.000950,0.014864,0.000332,0.000001,0.000005,0.000002,0.000000,0.000001,0.001331,0.000025,0.000001,0.000006,0.000008,0.000001,0.000000,0.000000,0.000090,0.000005,0.000016,0.000006,0.000322,0.000008,0.000054,0.000123,0.000016,0.955895,0.009466,0.013875,0.000001,0.000040
