0.030286,0.032857,0.000234,0.021188,0.003433,0.000556,0.001357,0.001999,0.015539,0.000625,0.018790,0.003634,0.000651,0.186767,0.308252,0.000586,0.017775,0.002515,0.033144,0.003105,0.013768,0.038139,0.113692,0.077751,0.007394,0.002501,0.000893,0.001239,0.000167,0.001737,0.035771,0.001254,0.006906,0.000287,0.001889,0.007207,0.003976,0.002136
0.001750,0.004174,0.000792,0.001395,0.000003,0.000082,0.000043,0.000159,0.000733,0.000026,0.000412,0.000434,0.000534,0.003985,0.776841,0.000058,0.000090,0.000072,0.004731,0.000006,0.000370,0.000151,0.074245,0.006349,0.003965,0.000010,0.001671,0.037584,0.000062,0.004340,0.068672,0.001278,0.000035,0.000159,0.000001,0.003853,0.000484,0.000453
0.000361,0.001293,0.000346,0.000700,0.000057,0.000092,0.000018,0.000098,0.001289,0.000130,0.000405,0.000530,0.043559,0.057419,0.324814,0.000086,0.000093,0.000040,0.074776,0.000004,0.003871,0.001828,0.280506,0.002419,0.000743,0.000066,0.006196,0.082844,0.000227,0.032685,0.052867,0.001613,0.000050,0.000320,0.000001,0.026982,0.000509,0.000163
0.001481,0.002268,0.000749,0.001179,0.000094,0.000600,0.000102,0.000148,0.001066,0.000393,0.000438,0.000207,0.017747,0.018334,0.320639,0.000255,0.000173,0.000074,0.055140,0.000013,0.001527,0.000675,0.415864,0.007713,0.001386,0.000074,0.012030,0.043049,0.000168,0.015173,0.028310,0.010942,0.000056,0.001639,0.000010,0.039308,0.000489,0.000487
0.006882,0.000542,0.003560,0.002814,0.013142,0.000235,0.000025,0.000029,0.001413,0.000012,0.000096,0.000030,0.002540,0.040998,0.119150,0.000032,0.000036,0.000066,0.494367,0.000001,0.002078,0.022246,0.199023,0.002129,0.000007,0.000078,0.004910,0.012234,0.000012,0.001365,0.019630,0.004027,0.000006,0.000123,0.000005,0.044050,0.001981,0.000125
0.001792,0.000182,0.001362,0.000205,0.007138,0.000007,0.000010,0.000069,0.002291,0.000005,0.000110,0.000079,0.002427,0.019685,0.011775,0.000021,0.000017,0.000070,0.858165,0.000001,0.003307,0.006179,0.014938,0.000765,0.000003,0.000016,0.000172,0.011324,0.000001,0.001315,0.006679,0.000099,0.000014,0.000083,0.000001,0.049286,0.000384,0.000022
0.000082,0.000033,0.001179,0.000351,0.000000,0.000013,0.000013,0.000007,0.000114,0.000003,0.000061,0.000051,0.036415,0.001102,0.815820,0.000008,0.000009,0.000003,0.034915,0.000001,0.000728,0.000222,0.094957,0.000074,0.000035,0.000005,0.000077,0.006661,0.000016,0.003917,0.002728,0.000028,0.000009,0.000086,0.000000,0.000203,0.000062,0.000011
0.000485,0.003550,0.002574,0.000400,0.000025,0.000135,0.000125,0.000013,0.000298,0.000576,0.000261,0.000174,0.017842,0.000179,0.618089,0.000062,0.000090,0.000058,0.081370,0.000005,0.002946,0.000140,0.147577,0.008019,0.005968,0.000022,0.003496,0.064275,0.000285,0.017957,0.006614,0.010520,0.000189,0.001265,0.000018,0.003153,0.000314,0.000932
0.002364,0.000001,0.000048,0.000532,0.000331,0.000003,0.000008,0.000001,0.000024,0.000001,0.000023,0.000004,0.908688,0.001972,0.000268,0.000001,0.000009,0.000000,0.029807,0.000001,0.000314,0.053383,0.000994,0.000003,0.000000,0.000004,0.000042,0.000090,0.000004,0.000009,0.000649,0.000001,0.000001,0.000299,0.000001,0.000087,0.000028,0.000001
0.002608,0.030410,0.023640,0.000174,0.000722,0.000002,0.000046,0.000081,0.000972,0.000076,0.000346,0.000355,0.000208,0.000556,0.005508,0.000118,0.000099,0.000407,0.614153,0.000002,0.013320,0.000529,0.013635,0.010406,0.000053,0.000038,0.001996,0.186791,0.000002,0.012072,0.003092,0.009312,0.001234,0.001578,0.000029,0.064077,0.001295,0.000056
0.001837,0.025246,0.048705,0.000585,0.000029,0.000008,0.000112,0.000071,0.000456,0.000057,0.000074,0.000520,0.000162,0.000138,0.039584,0.000033,0.000105,0.000349,0.039146,0.000002,0.010831,0.000064,0.086927,0.013183,0.000364,0.000013,0.002855,0.699485,0.000020,0.003958,0.008503,0.007670,0.000282,0.000652,0.000006,0.005212,0.002041,0.000715
0.000398,0.000292,0.038316,0.000477,0.000026,0.000078,0.000108,0.000025,0.000378,0.000204,0.000169,0.000115,0.038898,0.000365,0.266160,0.000087,0.000018,0.000050,0.384033,0.000004,0.005154,0.000573,0.221892,0.001370,0.000050,0.000066,0.002855,0.010481,0.000020,0.020342,0.001462,0.001372,0.000392,0.001191,0.000021,0.001917,0.000473,0.000172
0.003902,0.009285,0.084517,0.000334,0.000033,0.000010,0.000441,0.000033,0.000238,0.000379,0.000229,0.000280,0.007338,0.000017,0.048329,0.000060,0.000115,0.000248,0.164689,0.000004,0.038643,0.000078,0.185680,0.015432,0.000840,0.000022,0.002613,0.378179,0.000097,0.022121,0.001647,0.017240,0.001409,0.001554,0.000073,0.010633,0.001804,0.001452
0.000157,0.001085,0.022535,0.000290,0.000001,0.000008,0.000039,0.000015,0.000326,0.000020,0.000226,0.000213,0.003770,0.000099,0.551517,0.000014,0.000038,0.000050,0.177985,0.000001,0.004663,0.000247,0.163463,0.002284,0.000223,0.000003,0.000281,0.037540,0.000005,0.029513,0.001683,0.000348,0.000256,0.000131,0.000002,0.000488,0.000280,0.000201
0.002773,0.004553,0.089343,0.000217,0.000018,0.000007,0.000288,0.000021,0.000189,0.000270,0.000118,0.000171,0.020045,0.000014,0.076511,0.000030,0.000074,0.000127,0.337160,0.000003,0.019466,0.000088,0.185261,0.007341,0.000456,0.000020,0.001505,0.219693,0.000212,0.008850,0.001314,0.008331,0.000582,0.003090,0.000068,0.010480,0.000768,0.000542
0.001000,0.008019,0.054385,0.000022,0.000004,0.000000,0.000018,0.000008,0.000069,0.000056,0.000019,0.000134,0.000063,0.000001,0.001405,0.000002,0.000118,0.000101,0.008553,0.000001,0.032922,0.000005,0.020631,0.004330,0.000062,0.000001,0.000260,0.846577,0.000005,0.002405,0.000509,0.014695,0.001115,0.000515,0.000021,0.001176,0.000508,0.000285
0.000941,0.003063,0.082654,0.000855,0.000028,0.000053,0.000337,0.000045,0.000498,0.000285,0.000217,0.000409,0.018531,0.000047,0.320874,0.000085,0.000055,0.000337,0.358857,0.000006,0.014221,0.000087,0.079091,0.009066,0.000696,0.000041,0.001475,0.065139,0.000080,0.020018,0.002236,0.010956,0.001352,0.001011,0.000032,0.002973,0.001701,0.001648
0.000269,0.000064,0.000502,0.000041,0.000006,0.000013,0.000084,0.000014,0.000353,0.000021,0.000769,0.000131,0.020340,0.005169,0.156235,0.000010,0.000010,0.000003,0.136186,0.000000,0.026132,0.012775,0.390375,0.000292,0.000018,0.000006,0.001361,0.047079,0.000009,0.198866,0.001317,0.000205,0.000024,0.000168,0.000003,0.000865,0.000218,0.000068
0.001665,0.000945,0.688519,0.000088,0.000001,0.000000,0.000056,0.000030,0.000111,0.000010,0.000012,0.000095,0.000237,0.000003,0.003521,0.000003,0.000038,0.000095,0.217212,0.000001,0.028103,0.000042,0.011291,0.000853,0.000008,0.000007,0.000217,0.038535,0.000002,0.001223,0.000184,0.001837,0.000676,0.000600,0.000061,0.000987,0.002683,0.000049
0.000303,0.001255,0.725840,0.000096,0.000004,0.000002,0.000115,0.000020,0.000116,0.000024,0.000014,0.000086,0.000655,0.000004,0.008478,0.000007,0.000055,0.000116,0.197157,0.000001,0.012020,0.000062,0.010748,0.000756,0.000017,0.000011,0.000218,0.031995,0.000007,0.003322,0.000404,0.001116,0.000499,0.002013,0.000042,0.001398,0.000827,0.000195
0.000542,0.001797,0.028407,0.000630,0.000001,0.000039,0.000051,0.000028,0.000282,0.000027,0.000736,0.000189,0.001148,0.000230,0.681736,0.000017,0.000046,0.000032,0.038615,0.000003,0.003360,0.000607,0.198472,0.001496,0.000756,0.000006,0.000757,0.021949,0.000043,0.009525,0.005219,0.001260,0.000099,0.000469,0.000003,0.000518,0.000574,0.000332
0.000213,0.000000,0.000062,0.000107,0.000000,0.000000,0.000008,0.000000,0.000007,0.000000,0.000010,0.000000,0.987378,0.000002,0.000002,0.000000,0.000000,0.000000,0.007236,0.000000,0.000116,0.000991,0.000104,0.000000,0.000000,0.000000,0.000000,0.000084,0.000001,0.000003,0.000012,0.000000,0.000000,0.003347,0.000000,0.000305,0.000011,0.000000
0.002404,0.007573,0.605670,0.000589,0.000017,0.000034,0.000409,0.000036,0.000249,0.000220,0.000110,0.000240,0.001225,0.000013,0.123260,0.000042,0.000036,0.000759,0.106737,0.000003,0.004838,0.000041,0.055412,0.017395,0.001368,0.000021,0.001722,0.044577,0.000127,0.003153,0.002712,0.009199,0.000943,0.001035,0.000060,0.003203,0.002615,0.001957
0.003959,0.002041,0.857425,0.000081,0.000005,0.000000,0.000077,0.000009,0.000035,0.000041,0.000007,0.000033,0.000136,0.000001,0.001815,0.000006,0.000009,0.000228,0.025459,0.000000,0.005357,0.000008,0.015533,0.002466,0.000043,0.000005,0.000503,0.064332,0.000013,0.000359,0.000429,0.012379,0.000550,0.000447,0.000082,0.004401,0.001599,0.000127
0.001155,0.000069,0.994215,0.000036,0.000000,0.000000,0.000032,0.000007,0.000006,0.000002,0.000000,0.000006,0.000002,0.000000,0.000155,0.000000,0.000001,0.000088,0.000516,0.000000,0.000186,0.000000,0.000718,0.000152,0.000005,0.000000,0.000011,0.001743,0.000001,0.000003,0.000053,0.000160,0.000060,0.000021,0.000013,0.000077,0.000492,0.000012
0.001076,0.001833,0.780467,0.000006,0.000002,0.000000,0.000019,0.000007,0.000057,0.000024,0.000006,0.000039,0.000083,0.000000,0.000418,0.000001,0.000052,0.000140,0.015651,0.000000,0.014206,0.000011,0.008738,0.001364,0.000011,0.000001,0.000062,0.162035,0.000003,0.000602,0.000117,0.007443,0.002244,0.001083,0.000274,0.000970,0.000856,0.000100
0.011898,0.001574,0.743587,0.000084,0.000001,0.000000,0.000111,0.000019,0.000045,0.000019,0.000003,0.000066,0.000063,0.000000,0.000327,0.000002,0.000019,0.000312,0.012509,0.000000,0.011531,0.000003,0.014170,0.001632,0.000046,0.000002,0.000103,0.189430,0.000003,0.000128,0.000205,0.005545,0.001346,0.000187,0.000227,0.001304,0.003398,0.000100
0.000359,0.000027,0.991691,0.000006,0.000000,0.000000,0.000006,0.000001,0.000001,0.000000,0.000000,0.000003,0.000001,0.000000,0.000028,0.000000,0.000000,0.000046,0.000090,0.000000,0.000353,0.000000,0.000533,0.000237,0.000001,0.000000,0.000002,0.006177,0.000000,0.000003,0.000014,0.000077,0.000135,0.000004,0.000012,0.000017,0.000170,0.000005
0.000044,0.000013,0.998570,0.000002,0.000000,0.000000,0.000005,0.000000,0.000001,0.000001,0.000000,0.000001,0.000003,0.000000,0.000012,0.000000,0.000000,0.000009,0.000279,0.000000,0.000059,0.000000,0.000221,0.000011,0.000000,0.000000,0.000002,0.000602,0.000000,0.000001,0.000006,0.000024,0.000046,0.000021,0.000007,0.000015,0.000044,0.000001
0.000896,0.000773,0.011343,0.000063,0.000093,0.000010,0.000209,0.000024,0.000574,0.002650,0.000430,0.000128,0.181288,0.000417,0.006574,0.000041,0.000139,0.000033,0.586823,0.000012,0.026382,0.008689,0.060745,0.000777,0.000015,0.000052,0.006553,0.053129,0.000165,0.015269,0.001188,0.000755,0.000626,0.017408,0.000097,0.015016,0.000316,0.000297
0.004480,0.002739,0.595626,0.000120,0.000002,0.000001,0.000061,0.000023,0.000107,0.000030,0.000034,0.000158,0.000213,0.000005,0.005138,0.000004,0.000099,0.000252,0.018244,0.000001,0.019547,0.000036,0.070529,0.005783,0.000075,0.000003,0.000413,0.262374,0.000005,0.001034,0.000510,0.006916,0.001156,0.000331,0.000062,0.001559,0.002144,0.000184
0.003015,0.005276,0.409908,0.000609,0.000038,0.000025,0.001210,0.000036,0.000466,0.000719,0.000072,0.000325,0.022512,0.000011,0.190763,0.000075,0.000049,0.000406,0.201024,0.000005,0.004588,0.000083,0.078183,0.003948,0.002727,0.000046,0.001166,0.046416,0.001095,0.002368,0.001850,0.002637,0.001225,0.007499,0.000138,0.007103,0.001392,0.000995
0.000970,0.002045,0.761273,0.000116,0.000002,0.000002,0.000111,0.000018,0.000101,0.000037,0.000029,0.000073,0.000895,0.000003,0.015711,0.000005,0.000031,0.000141,0.160129,0.000001,0.005561,0.000066,0.010271,0.001782,0.000055,0.000010,0.000433,0.025535,0.000025,0.001989,0.000549,0.005765,0.000315,0.001909,0.000098,0.002042,0.001574,0.000329
0.000756,0.003910,0.393520,0.000072,0.000001,0.000008,0.000288,0.000063,0.000371,0.000151,0.000406,0.000443,0.001230,0.000007,0.074838,0.000023,0.000143,0.000216,0.062465,0.000003,0.078112,0.000109,0.168949,0.005544,0.000722,0.000005,0.000650,0.139606,0.000070,0.050210,0.001360,0.004115,0.003543,0.003493,0.000271,0.000709,0.000960,0.002658
0.000826,0.000294,0.975569,0.000018,0.000001,0.000000,0.000057,0.000018,0.000013,0.000017,0.000001,0.000012,0.000007,0.000000,0.000042,0.000001,0.000011,0.000090,0.009227,0.000000,0.001397,0.000004,0.000715,0.000386,0.000002,0.000001,0.000148,0.008076,0.000000,0.000031,0.000065,0.000352,0.000717,0.000300,0.000105,0.000818,0.000664,0.000011
0.008890,0.000004,0.000406,0.002564,0.000002,0.000004,0.006244,0.000174,0.003649,0.000029,0.001735,0.000029,0.003188,0.000175,0.000111,0.000001,0.000083,0.000033,0.417417,0.000057,0.037820,0.008155,0.000078,0.000000,0.000028,0.000043,0.000028,0.006447,0.000000,0.019541,0.000086,0.000001,0.000007,0.055313,0.000082,0.000834,0.426729,0.000014
0.016173,0.010780,0.449572,0.000070,0.000057,0.000001,0.000201,0.000058,0.000121,0.000105,0.000032,0.000056,0.000155,0.000003,0.000737,0.000019,0.000116,0.000805,0.231542,0.000001,0.027493,0.000333,0.004510,0.005177,0.000043,0.000031,0.000933,0.147606,0.000005,0.001661,0.000412,0.010983,0.004277,0.005857,0.001550,0.072150,0.006293,0.000085
0.003725,0.000692,0.812088,0.000048,0.000006,0.000000,0.000071,0.000032,0.000050,0.000032,0.000008,0.000053,0.000061,0.000002,0.000381,0.000003,0.000013,0.000201,0.046475,0.000000,0.029291,0.000018,0.006725,0.001583,0.000005,0.000007,0.000371,0.082046,0.000001,0.000470,0.000163,0.003162,0.001096,0.000613,0.000141,0.007463,0.002867,0.000037
0.000051,0.000005,0.001098,0.000002,0.000006,0.000002,0.000816,0.000009,0.000070,0.000004,0.000023,0.000000,0.000007,0.000000,0.000159,0.000000,0.000000,0.000001,0.000014,0.000000,0.000012,0.000003,0.000002,0.000001,0.000248,0.000002,0.000004,0.000004,0.987002,0.000000,0.000163,0.000026,0.000001,0.006768,0.000019,0.003466,0.000005,0.000005
0.023739,0.003406,0.294702,0.000217,0.000020,0.000001,0.000419,0.000153,0.000364,0.000124,0.000027,0.000208,0.001027,0.000002,0.001578,0.000017,0.000372,0.000522,0.102246,0.000005,0.032026,0.000130,0.030111,0.003117,0.000129,0.000027,0.000789,0.459428,0.000049,0.002186,0.000601,0.008158,0.005816,0.001526,0.002935,0.015977,0.007618,0.000229
0.001350,0.000032,0.614990,0.001175,0.000002,0.000019,0.001087,0.000270,0.000331,0.000014,0.000139,0.000191,0.009427,0.000022,0.007672,0.000008,0.000015,0.000160,0.332224,0.000006,0.006162,0.000540,0.008877,0.000043,0.000026,0.000041,0.000216,0.006681,0.000020,0.001432,0.000354,0.000048,0.000168,0.002042,0.000317,0.000725,0.003115,0.000059
0.000426,0.000331,0.026386,0.000093,0.000007,0.000007,0.001000,0.000047,0.000328,0.000588,0.000145,0.000244,0.162704,0.000050,0.037127,0.000023,0.000048,0.000031,0.336966,0.000006,0.041132,0.000331,0.152320,0.000314,0.000099,0.000037,0.000533,0.225310,0.000631,0.005416,0.000657,0.000076,0.000275,0.004282,0.000036,0.001614,0.000264,0.000117
0.016760,0.000177,0.001819,0.000234,0.002819,0.000036,0.017526,0.000746,0.010688,0.003483,0.077895,0.001248,0.010179,0.061977,0.022516,0.000030,0.000984,0.000191,0.048581,0.000449,0.319860,0.020628,0.010024,0.000022,0.000141,0.001131,0.000621,0.192391,0.000062,0.035463,0.001052,0.000044,0.001847,0.130818,0.001012,0.002665,0.003772,0.000108
0.000643,0.000077,0.990970,0.000014,0.000000,0.000000,0.000059,0.000016,0.000015,0.000007,0.000000,0.000008,0.000005,0.000000,0.000176,0.000001,0.000005,0.000040,0.005156,0.000000,0.000505,0.000003,0.000555,0.000104,0.000001,0.000001,0.000041,0.000495,0.000001,0.000008,0.000036,0.000076,0.000109,0.000106,0.000049,0.000120,0.000588,0.000010
0.000145,0.000029,0.763155,0.000011,0.000000,0.000002,0.000284,0.000004,0.000033,0.000026,0.000011,0.000012,0.039889,0.000001,0.020256,0.000001,0.000002,0.000010,0.113195,0.000000,0.001017,0.000063,0.047188,0.000060,0.000032,0.000002,0.000026,0.010768,0.000072,0.001656,0.000146,0.000075,0.000069,0.001354,0.000073,0.000201,0.000074,0.000062
0.000361,0.000049,0.981209,0.000021,0.000000,0.000000,0.000059,0.000010,0.000013,0.000003,0.000002,0.000013,0.000114,0.000000,0.000981,0.000001,0.000002,0.000030,0.012892,0.000000,0.000510,0.000003,0.001515,0.000081,0.000004,0.000001,0.000026,0.001323,0.000001,0.000048,0.000041,0.000054,0.000136,0.000153,0.000023,0.000108,0.000205,0.000009
0.000013,0.000002,0.948483,0.000016,0.000000,0.000000,0.000014,0.000003,0.000014,0.000000,0.000000,0.000003,0.000286,0.000000,0.003114,0.000000,0.000000,0.000004,0.047671,0.000000,0.000019,0.000012,0.000138,0.000001,0.000001,0.000000,0.000001,0.000027,0.000000,0.000024,0.000011,0.000002,0.000004,0.000095,0.000007,0.000004,0.000030,0.000001
0.001796,0.000261,0.268531,0.000315,0.000006,0.000013,0.001367,0.000090,0.000281,0.000136,0.000073,0.000127,0.043174,0.000007,0.063777,0.000016,0.000028,0.000164,0.542447,0.000004,0.004968,0.000061,0.042679,0.000502,0.000098,0.000023,0.000136,0.014559,0.000041,0.005872,0.000558,0.000834,0.000664,0.002854,0.000277,0.002174,0.000807,0.000281
0.000201,0.000284,0.068658,0.000045,0.000001,0.000006,0.000304,0.000014,0.000147,0.000232,0.000057,0.000045,0.050895,0.000003,0.133221,0.000006,0.000025,0.000043,0.515132,0.000002,0.006658,0.000034,0.158402,0.001827,0.000155,0.000003,0.000114,0.046811,0.000028,0.012866,0.000381,0.000896,0.000276,0.001182,0.000070,0.000626,0.000136,0.000215
0.000380,0.000065,0.560937,0.000377,0.000000,0.000016,0.000653,0.000184,0.000299,0.000008,0.000030,0.000049,0.000992,0.000024,0.022645,0.000008,0.000019,0.000050,0.405872,0.000001,0.000565,0.000458,0.001922,0.000059,0.000007,0.000014,0.000155,0.000202,0.000006,0.000128,0.000271,0.000037,0.000034,0.002160,0.000036,0.000227,0.001084,0.000026
0.000162,0.000252,0.370990,0.000064,0.000006,0.000004,0.000524,0.000034,0.000177,0.000227,0.000118,0.000156,0.078577,0.000046,0.026198,0.000017,0.000017,0.000051,0.310259,0.000002,0.017608,0.000220,0.080665,0.000387,0.000026,0.000016,0.000705,0.088344,0.000029,0.014732,0.000471,0.000121,0.001019,0.005393,0.000025,0.002016,0.000263,0.000079
0.000416,0.000048,0.161366,0.000993,0.000001,0.000013,0.000519,0.000165,0.000552,0.000008,0.000124,0.000173,0.018814,0.000247,0.116060,0.000007,0.000013,0.000043,0.646375,0.000002,0.007814,0.001212,0.021948,0.000149,0.000009,0.000016,0.000415,0.015338,0.000005,0.004297,0.000712,0.000062,0.000066,0.000533,0.000011,0.000744,0.000695,0.000031
0.000128,0.000184,0.108871,0.000071,0.000000,0.000007,0.000264,0.000016,0.000123,0.000026,0.000036,0.000076,0.028858,0.000002,0.335681,0.000005,0.000010,0.000030,0.466891,0.000001,0.002356,0.000014,0.038671,0.000190,0.000200,0.000003,0.000029,0.006553,0.000011,0.008238,0.000369,0.000172,0.000310,0.001093,0.000024,0.000229,0.000154,0.000104
0.000039,0.000006,0.624788,0.000046,0.000000,0.000002,0.000131,0.000008,0.000059,0.000002,0.000004,0.000006,0.007112,0.000005,0.022659,0.000001,0.000001,0.000003,0.339977,0.000000,0.000082,0.000330,0.003534,0.000009,0.000001,0.000001,0.000013,0.000143,0.000000,0.000312,0.000092,0.000004,0.000007,0.000552,0.000010,0.000023,0.000036,0.000003
0.000347,0.000004,0.611912,0.000224,0.000000,0.000004,0.000508,0.000063,0.000072,0.000002,0.000004,0.000019,0.010992,0.000012,0.011914,0.000001,0.000001,0.000009,0.359932,0.000000,0.000122,0.000873,0.001423,0.000009,0.000001,0.000005,0.000075,0.000184,0.000001,0.000195,0.000090,0.000002,0.000014,0.000707,0.000105,0.000030,0.000142,0.000002
0.000451,0.000001,0.010471,0.000084,0.000001,0.000002,0.000823,0.000144,0.000446,0.000001,0.000322,0.000026,0.596575,0.000053,0.001330,0.000001,0.000052,0.000004,0.290656,0.000011,0.006028,0.001069,0.001237,0.000000,0.000013,0.000011,0.000001,0.008971,0.000001,0.008598,0.000015,0.000001,0.000044,0.069755,0.000112,0.000156,0.002534,0.000001
0.000062,0.000069,0.144731,0.000316,0.000000,0.000024,0.000460,0.000121,0.000166,0.000007,0.000078,0.000074,0.003753,0.000019,0.124043,0.000004,0.000014,0.000023,0.708889,0.000002,0.000397,0.003662,0.007127,0.000021,0.000034,0.000009,0.000017,0.000426,0.000007,0.004038,0.000184,0.000006,0.000041,0.000808,0.000065,0.000080,0.000198,0.000024
