0.010165,0.000516,0.000180,0.717727,0.000070,0.007167,0.000015,0.010417,0.005888,0.000023,0.001200,0.000336,0.000044,0.000983,0.000284,0.000804,0.000089,0.015974,0.004759,0.000008,0.025657,0.001233,0.000006,0.000021,0.002201,0.064188,0.000066,0.000021,0.000021,0.000925,0.099361,0.019368,0.000007,0.000449,0.000363,0.000219,0.009123,0.000119
0.001093,0.000958,0.000147,0.208987,0.000025,0.012878,0.000015,0.029485,0.021539,0.000069,0.000313,0.009895,0.000015,0.002215,0.000089,0.000193,0.000014,0.214573,0.019141,0.000005,0.042891,0.001035,0.000004,0.000026,0.000257,0.188044,0.000017,0.000015,0.000052,0.004801,0.133590,0.027751,0.000004,0.000095,0.000083,0.000020,0.078538,0.001127
0.085831,0.000017,0.000007,0.085244,0.005691,0.006088,0.000002,0.108334,0.007908,0.000002,0.000679,0.000036,0.000004,0.003189,0.000075,0.000388,0.000002,0.070606,0.001804,0.000001,0.118069,0.001198,0.000000,0.000004,0.001770,0.409353,0.000000,0.000002,0.000000,0.000330,0.085912,0.000192,0.000001,0.000006,0.000128,0.000096,0.007023,0.000004
0.000126,0.000949,0.000004,0.119400,0.000006,0.009447,0.000000,0.025169,0.075893,0.000009,0.000020,0.001807,0.000001,0.001488,0.000004,0.000085,0.000001,0.182051,0.001368,0.000000,0.008103,0.000187,0.000000,0.000002,0.000022,0.010163,0.000000,0.000001,0.000006,0.003078,0.528464,0.002953,0.000000,0.000014,0.000001,0.000013,0.029014,0.000150
0.002399,0.000645,0.000040,0.002405,0.000035,0.000583,0.000006,0.017214,0.099611,0.000096,0.000109,0.024363,0.000003,0.002213,0.000081,0.000482,0.000008,0.141166,0.551009,0.000002,0.051281,0.001571,0.000003,0.000115,0.000010,0.020190,0.000001,0.000005,0.000003,0.002064,0.044046,0.004498,0.000006,0.000008,0.000070,0.000003,0.033360,0.000297
0.004412,0.000338,0.000022,0.053194,0.000877,0.000951,0.000003,0.033608,0.022341,0.000017,0.001094,0.000690,0.000004,0.000359,0.000016,0.000465,0.000010,0.207165,0.032420,0.000001,0.028461,0.000199,0.000001,0.000014,0.000420,0.482154,0.000001,0.000008,0.000004,0.008977,0.110503,0.005311,0.000006,0.000006,0.000047,0.000415,0.005453,0.000032
0.008864,0.000544,0.000097,0.073228,0.005450,0.009934,0.000028,0.129682,0.063774,0.000091,0.003335,0.001644,0.000109,0.005873,0.000152,0.004592,0.000070,0.233641,0.007652,0.000026,0.061752,0.007389,0.000005,0.000050,0.002317,0.129478,0.000007,0.000050,0.000028,0.019204,0.216950,0.002705,0.000040,0.000088,0.000909,0.000154,0.009831,0.000258
0.001319,0.000017,0.000007,0.061969,0.000135,0.004437,0.000001,0.058457,0.208232,0.000003,0.007681,0.000292,0.000002,0.006122,0.000039,0.000062,0.000005,0.091364,0.001714,0.000000,0.018612,0.001673,0.000000,0.000001,0.000199,0.432484,0.000000,0.000001,0.000001,0.014192,0.089469,0.000173,0.000000,0.000012,0.000019,0.000003,0.001300,0.000003
0.000350,0.002297,0.000227,0.007861,0.000070,0.000416,0.000011,0.001851,0.011808,0.000115,0.000083,0.026506,0.000010,0.000189,0.000175,0.000994,0.000119,0.286265,0.401826,0.000003,0.070709,0.000194,0.000062,0.000397,0.000421,0.045777,0.000007,0.000041,0.000052,0.001004,0.010137,0.079385,0.000105,0.000091,0.000093,0.000075,0.042957,0.007315
0.000225,0.000007,0.000007,0.024619,0.000183,0.153223,0.000002,0.003909,0.000352,0.000016,0.000077,0.000244,0.000000,0.000990,0.000076,0.000207,0.000001,0.165413,0.030925,0.000000,0.039621,0.000065,0.000000,0.000006,0.001732,0.549220,0.000000,0.000001,0.000001,0.000065,0.013353,0.002101,0.000002,0.000004,0.000030,0.000023,0.013272,0.000028
0.000151,0.000218,0.000009,0.308141,0.000056,0.038504,0.000002,0.009055,0.006152,0.000020,0.000434,0.000210,0.000002,0.000564,0.000010,0.000222,0.000004,0.147107,0.002487,0.000000,0.007617,0.000189,0.000000,0.000003,0.001117,0.346066,0.000001,0.000002,0.000006,0.008028,0.116706,0.003114,0.000001,0.000016,0.000024,0.000048,0.003637,0.000074
0.003822,0.000228,0.000038,0.018876,0.000165,0.000498,0.000097,0.001670,0.002976,0.000012,0.828560,0.000057,0.000002,0.000196,0.000038,0.000019,0.000058,0.004020,0.000063,0.000012,0.000655,0.000582,0.000001,0.000014,0.003196,0.005196,0.000001,0.000001,0.044718,0.000021,0.014863,0.023445,0.000009,0.002574,0.000004,0.027814,0.000069,0.015430
