0.157736,0.000137,0.000017,0.006044,0.012513,0.000461,0.003779,0.001418,0.023520,0.000035,0.580517,0.000170,0.000298,0.002223,0.000089,0.000363,0.117214,0.000757,0.000041,0.006896,0.004017,0.004487,0.000044,0.000009,0.004106,0.007027,0.000004,0.000104,0.000217,0.002214,0.003736,0.001904,0.000035,0.052779,0.001421,0.000184,0.000050,0.003436
0.355070,0.024341,0.000007,0.000905,0.000033,0.000658,0.000829,0.002530,0.033292,0.000000,0.129158,0.000017,0.000017,0.028818,0.000597,0.000005,0.009885,0.001069,0.000002,0.033613,0.000147,0.201522,0.000052,0.005803,0.133442,0.000100,0.000002,0.000012,0.000063,0.000505,0.010850,0.000135,0.000010,0.000231,0.000247,0.000352,0.000013,0.025668
0.005927,0.000022,0.000019,0.000022,0.000003,0.000093,0.061541,0.000065,0.010687,0.008087,0.000063,0.000000,0.000006,0.000004,0.001541,0.000001,0.000033,0.000016,0.000048,0.000109,0.000034,0.000028,0.000081,0.000001,0.011970,0.000067,0.000013,0.000004,0.000036,0.000007,0.001077,0.001010,0.000003,0.878042,0.018716,0.000557,0.000041,0.000026
0.109889,0.180726,0.000090,0.004269,0.000515,0.000412,0.002485,0.000176,0.029958,0.000005,0.085215,0.000090,0.000177,0.000071,0.003482,0.000016,0.005668,0.000275,0.000199,0.000081,0.000614,0.098213,0.000006,0.012446,0.004923,0.001391,0.000049,0.000073,0.124847,0.000201,0.090441,0.000472,0.000016,0.001835,0.000010,0.226004,0.000061,0.014596
0.269161,0.000295,0.000114,0.000492,0.000008,0.004270,0.036492,0.000368,0.010840,0.000314,0.220790,0.000005,0.000006,0.034686,0.000499,0.000003,0.000267,0.000074,0.002984,0.000301,0.000275,0.008356,0.000089,0.000001,0.014896,0.008838,0.000003,0.000005,0.000038,0.000674,0.097690,0.104256,0.000034,0.181813,0.000713,0.000071,0.000121,0.000158
0.079940,0.000440,0.000010,0.000047,0.000421,0.000010,0.019381,0.000854,0.012546,0.005744,0.000036,0.000000,0.000010,0.000001,0.000006,0.000002,0.000003,0.000150,0.000031,0.000010,0.000022,0.000002,0.000016,0.000005,0.001010,0.000018,0.000122,0.000004,0.727867,0.000001,0.001317,0.003187,0.000001,0.074042,0.000652,0.070400,0.000004,0.001686
0.009105,0.054451,0.000005,0.000020,0.000004,0.000029,0.899692,0.000009,0.017723,0.000297,0.000046,0.000001,0.000004,0.000000,0.000172,0.000000,0.000016,0.000172,0.000023,0.000001,0.000003,0.000101,0.000002,0.000473,0.002210,0.000002,0.000001,0.000030,0.000674,0.000005,0.001548,0.000007,0.000011,0.000015,0.000002,0.007492,0.000009,0.005647
0.436591,0.128896,0.000095,0.002059,0.000064,0.000897,0.005482,0.000124,0.042928,0.000006,0.012685,0.000025,0.000077,0.000101,0.017304,0.000003,0.006708,0.000651,0.000012,0.000748,0.000019,0.305885,0.000021,0.002656,0.015266,0.000264,0.000075,0.000041,0.001777,0.000043,0.006308,0.000022,0.000024,0.000736,0.000338,0.000599,0.000141,0.010329
0.000256,0.984968,0.000001,0.000001,0.000001,0.000000,0.012920,0.000000,0.000294,0.000001,0.000057,0.000000,0.000001,0.000000,0.000001,0.000000,0.000008,0.000000,0.000000,0.000000,0.000000,0.000657,0.000000,0.000004,0.000103,0.000000,0.000000,0.000000,0.000058,0.000000,0.000429,0.000000,0.000000,0.000040,0.000000,0.000191,0.000000,0.000005
0.000381,0.247277,0.000000,0.000001,0.000009,0.000000,0.718849,0.000003,0.027300,0.000808,0.000002,0.000000,0.000001,0.000000,0.000007,0.000000,0.000929,0.000032,0.000006,0.000001,0.000003,0.000162,0.000000,0.000030,0.001130,0.000001,0.000000,0.000014,0.000258,0.000001,0.000135,0.000001,0.000037,0.000026,0.000002,0.002300,0.000003,0.000291
0.015850,0.000414,0.000040,0.000054,0.000186,0.000053,0.165894,0.000693,0.251928,0.050468,0.000096,0.000003,0.000011,0.000007,0.001248,0.000008,0.000038,0.000188,0.000138,0.000225,0.000247,0.000012,0.000026,0.000018,0.001410,0.000063,0.000041,0.000005,0.162477,0.000017,0.001158,0.001528,0.000017,0.273584,0.005681,0.065891,0.000017,0.000267
0.003484,0.000091,0.000057,0.000982,0.005410,0.002611,0.042986,0.012419,0.129395,0.273276,0.028141,0.000047,0.000060,0.000956,0.002971,0.000054,0.000548,0.074679,0.000376,0.002170,0.002459,0.000066,0.000038,0.000007,0.000441,0.000802,0.000003,0.000056,0.002187,0.007468,0.013895,0.354609,0.000044,0.028736,0.000319,0.005766,0.000145,0.002243
0.007718,0.000225,0.000029,0.092527,0.003232,0.013247,0.000382,0.001429,0.030025,0.000002,0.004035,0.000006,0.000033,0.007884,0.002956,0.000011,0.000369,0.005209,0.000045,0.000014,0.002331,0.001168,0.000004,0.000005,0.010280,0.138715,0.000001,0.000010,0.000268,0.000001,0.008791,0.176186,0.000000,0.485657,0.000965,0.001411,0.001637,0.003191
0.000729,0.412228,0.000003,0.000003,0.000001,0.000002,0.512629,0.000004,0.067657,0.001105,0.000004,0.000002,0.000004,0.000000,0.000007,0.000000,0.000101,0.000039,0.000022,0.000001,0.000001,0.000201,0.000000,0.000163,0.001042,0.000001,0.000001,0.000018,0.000081,0.000003,0.000202,0.000003,0.000041,0.000010,0.000002,0.003333,0.000005,0.000353
0.187629,0.016475,0.000007,0.000394,0.000017,0.000069,0.662287,0.000306,0.085618,0.000054,0.000029,0.000014,0.000091,0.000006,0.009091,0.000003,0.000403,0.000126,0.000238,0.000044,0.000083,0.003833,0.000058,0.005089,0.020434,0.000017,0.000008,0.000123,0.000755,0.000087,0.000144,0.000001,0.000021,0.000007,0.000013,0.005689,0.000044,0.000689
0.041978,0.094777,0.000005,0.000264,0.000004,0.000078,0.000496,0.000007,0.356992,0.000001,0.002720,0.000004,0.000031,0.000008,0.000180,0.000001,0.000493,0.000022,0.000047,0.000618,0.000002,0.257033,0.000006,0.242724,0.000266,0.000003,0.000007,0.000013,0.000005,0.000006,0.000468,0.000005,0.000003,0.000002,0.000002,0.000297,0.000010,0.000423
0.000011,0.000001,0.000001,0.000028,0.001140,0.000026,0.000163,0.001050,0.590322,0.000168,0.003419,0.000026,0.000000,0.000005,0.000049,0.000003,0.000012,0.004608,0.000002,0.000190,0.000196,0.000000,0.000000,0.000000,0.000005,0.000014,0.000000,0.000039,0.000003,0.000496,0.000174,0.397559,0.000000,0.000058,0.000003,0.000064,0.000010,0.000156
0.068766,0.032242,0.000001,0.004682,0.001270,0.000005,0.000945,0.040867,0.007022,0.007937,0.000130,0.013077,0.000008,0.000267,0.000098,0.001510,0.000095,0.002792,0.000415,0.000002,0.002202,0.002666,0.000236,0.023482,0.001040,0.001802,0.000024,0.000345,0.000011,0.003556,0.074779,0.021270,0.000364,0.000948,0.000303,0.007076,0.008791,0.668974
0.037610,0.008191,0.000736,0.000159,0.000183,0.002118,0.327688,0.012441,0.219182,0.097262,0.000149,0.000006,0.000043,0.000375,0.002491,0.000004,0.000009,0.001686,0.000088,0.000952,0.000046,0.000220,0.000271,0.000015,0.006104,0.000825,0.000025,0.000051,0.020526,0.000015,0.002227,0.000254,0.000049,0.080113,0.020117,0.156886,0.000139,0.000743
0.000092,0.048835,0.000000,0.000000,0.000002,0.000000,0.923508,0.000001,0.021553,0.002292,0.000000,0.000000,0.000001,0.000000,0.000007,0.000000,0.000336,0.000003,0.000002,0.000000,0.000002,0.000187,0.000000,0.000020,0.000099,0.000000,0.000000,0.000012,0.000470,0.000001,0.000079,0.000000,0.000020,0.000008,0.000000,0.002396,0.000000,0.000074
0.001029,0.001391,0.000063,0.051438,0.000064,0.323794,0.000061,0.052669,0.019166,0.000159,0.000141,0.001304,0.000010,0.005288,0.000665,0.000210,0.000023,0.283587,0.001492,0.000010,0.026694,0.005839,0.000003,0.000029,0.007097,0.077272,0.000012,0.000009,0.000011,0.000415,0.020415,0.002256,0.000003,0.000223,0.000251,0.000042,0.114141,0.002725
0.043892,0.366037,0.000008,0.000055,0.000012,0.000024,0.530043,0.000073,0.038334,0.000161,0.000020,0.000004,0.000018,0.000003,0.000347,0.000000,0.000021,0.000237,0.000019,0.000006,0.000005,0.000460,0.000006,0.000239,0.013558,0.000005,0.000006,0.000067,0.000652,0.000008,0.000659,0.000004,0.000047,0.000035,0.000028,0.004122,0.000013,0.000772
0.013422,0.000608,0.001533,0.123891,0.010176,0.027627,0.001560,0.040872,0.048713,0.000839,0.005329,0.011002,0.005193,0.087243,0.029276,0.002987,0.003546,0.104769,0.013380,0.001181,0.023222,0.027357,0.000398,0.000158,0.002267,0.249091,0.000172,0.000504,0.000220,0.005055,0.055189,0.009670,0.000649,0.014398,0.036561,0.000039,0.024268,0.017637
0.049979,0.075122,0.000095,0.000006,0.000068,0.000009,0.813689,0.000095,0.005614,0.000804,0.000003,0.000001,0.000066,0.000002,0.000167,0.000000,0.000113,0.000026,0.000024,0.000032,0.000012,0.000516,0.000010,0.000021,0.022836,0.000005,0.000007,0.000031,0.001560,0.000017,0.000800,0.000000,0.000015,0.000034,0.024998,0.003073,0.000007,0.000144
0.127932,0.512934,0.000006,0.000051,0.000007,0.000017,0.079767,0.000020,0.267379,0.000086,0.000099,0.000013,0.000013,0.000001,0.000364,0.000001,0.000277,0.000498,0.000284,0.000077,0.000012,0.001004,0.000002,0.003850,0.002091,0.000003,0.000002,0.000020,0.000099,0.000073,0.000355,0.000005,0.000059,0.000003,0.000012,0.000592,0.000022,0.001970
0.321273,0.021258,0.000163,0.069013,0.055079,0.000672,0.003470,0.055961,0.076036,0.000093,0.017701,0.000048,0.000571,0.001423,0.000253,0.002403,0.010129,0.059635,0.000154,0.004861,0.024329,0.068989,0.000231,0.000540,0.054595,0.007074,0.000192,0.000397,0.000460,0.000841,0.019869,0.003808,0.000070,0.016188,0.003719,0.008792,0.002465,0.087247
0.001009,0.044789,0.000004,0.000004,0.000000,0.000004,0.583355,0.000003,0.353249,0.000138,0.000004,0.000002,0.000010,0.000000,0.000129,0.000000,0.000627,0.000009,0.000031,0.000010,0.000001,0.012810,0.000000,0.000254,0.000649,0.000001,0.000000,0.000015,0.000270,0.000002,0.000228,0.000001,0.000021,0.000003,0.000001,0.001932,0.000007,0.000431
0.146955,0.017324,0.000763,0.109993,0.001499,0.014324,0.002897,0.031481,0.023341,0.000791,0.090164,0.003751,0.003997,0.034698,0.017621,0.002954,0.042461,0.011972,0.001176,0.095926,0.006154,0.057840,0.001263,0.011351,0.175361,0.005964,0.000276,0.000447,0.000693,0.001709,0.015812,0.002261,0.005317,0.009076,0.017550,0.001665,0.003878,0.029295
0.000716,0.006784,0.000006,0.010791,0.000004,0.000493,0.000005,0.018451,0.786084,0.000024,0.000042,0.004092,0.000007,0.006251,0.000006,0.000211,0.000009,0.032274,0.001655,0.000003,0.008654,0.013383,0.000000,0.000039,0.000044,0.001202,0.000002,0.000001,0.000002,0.004726,0.091750,0.000207,0.000000,0.000011,0.000009,0.000003,0.011451,0.000606
0.004579,0.036011,0.000003,0.000001,0.000006,0.000001,0.937903,0.000001,0.003710,0.008786,0.000000,0.000000,0.000012,0.000000,0.000575,0.000000,0.000016,0.000011,0.000026,0.000001,0.000004,0.000011,0.000001,0.000033,0.000307,0.000000,0.000000,0.000017,0.005415,0.000006,0.000231,0.000000,0.000077,0.000008,0.000011,0.002179,0.000000,0.000057
0.004066,0.000941,0.000017,0.015157,0.001085,0.001221,0.000009,0.058889,0.598012,0.000088,0.000819,0.004150,0.000020,0.003271,0.000023,0.001029,0.000039,0.066989,0.002206,0.000007,0.082037,0.014273,0.000004,0.000031,0.000980,0.025485,0.000003,0.000032,0.000010,0.019406,0.081600,0.000532,0.000003,0.000042,0.000062,0.000075,0.017061,0.000327
0.030842,0.124073,0.000004,0.116168,0.001226,0.000011,0.000541,0.001182,0.000895,0.000009,0.000601,0.000001,0.000002,0.000010,0.000100,0.000525,0.003181,0.039682,0.000040,0.000007,0.001734,0.000557,0.000001,0.000105,0.595986,0.001364,0.000023,0.000047,0.000091,0.000020,0.001801,0.001197,0.000030,0.002803,0.000710,0.071076,0.000251,0.003103
0.000486,0.000520,0.000167,0.139378,0.001581,0.018135,0.000088,0.132191,0.062067,0.000099,0.000431,0.009020,0.000459,0.026213,0.000332,0.001217,0.000154,0.210774,0.000661,0.000031,0.035475,0.005376,0.000013,0.000038,0.000344,0.247125,0.000012,0.000046,0.000103,0.008521,0.064503,0.011502,0.000013,0.000818,0.000196,0.000041,0.016029,0.005841
0.000343,0.005932,0.000012,0.024060,0.000013,0.000033,0.000002,0.004563,0.076845,0.000011,0.000003,0.005637,0.000008,0.002224,0.000017,0.000099,0.000029,0.034068,0.000376,0.000000,0.002873,0.000137,0.000005,0.000050,0.000430,0.000157,0.000008,0.000027,0.000124,0.000537,0.796511,0.012574,0.000000,0.000233,0.000000,0.001397,0.024199,0.006465
0.116803,0.069447,0.000005,0.007806,0.000001,0.000279,0.001409,0.000819,0.072077,0.000001,0.000994,0.000002,0.000004,0.000107,0.039560,0.000000,0.002216,0.001441,0.000016,0.363090,0.000003,0.178908,0.000011,0.000798,0.142483,0.000041,0.000001,0.000006,0.000003,0.000029,0.000054,0.000000,0.000003,0.000056,0.000077,0.000067,0.000051,0.001333
0.024704,0.003395,0.000001,0.002480,0.009036,0.000013,0.000001,0.003149,0.116429,0.000001,0.000239,0.000264,0.000003,0.002873,0.000003,0.001704,0.000181,0.005552,0.000736,0.000001,0.058865,0.019372,0.000070,0.000496,0.006742,0.000508,0.000016,0.000072,0.000001,0.001972,0.547491,0.003784,0.000004,0.000050,0.000001,0.179576,0.007092,0.003122
0.000261,0.001189,0.000049,0.110794,0.000158,0.030745,0.000060,0.024386,0.226070,0.000800,0.001492,0.021053,0.000120,0.046535,0.000138,0.003422,0.000151,0.039304,0.001156,0.000029,0.021404,0.034446,0.000012,0.000093,0.000398,0.232619,0.000013,0.000065,0.000062,0.049777,0.109548,0.011792,0.000013,0.001173,0.000701,0.000030,0.024450,0.005489
