0.014953,0.001023,0.001621,0.133347,0.024725,0.014835,0.001199,0.023652,0.051805,0.001014,0.032487,0.017448,0.016184,0.019568,0.002834,0.066531,0.008805,0.068870,0.042154,0.003882,0.060276,0.037738,0.001644,0.001034,0.013993,0.181693,0.000398,0.002384,0.000417,0.013433,0.061608,0.013448,0.005800,0.005497,0.037344,0.000298,0.013054,0.003003
0.003456,0.000537,0.000279,0.303247,0.005374,0.011158,0.001901,0.052703,0.012415,0.000344,0.025637,0.007109,0.000054,0.014135,0.000270,0.003198,0.001315,0.165871,0.001468,0.001008,0.014480,0.019041,0.000036,0.000079,0.131303,0.125980,0.000025,0.000259,0.000568,0.000894,0.023463,0.019676,0.000216,0.006789,0.006382,0.000204,0.016933,0.022195
0.000006,0.000005,0.000003,0.006419,0.000019,0.360753,0.000000,0.000913,0.000561,0.000003,0.000112,0.058999,0.000000,0.031634,0.000604,0.000792,0.000002,0.032082,0.007183,0.000003,0.252907,0.000197,0.000002,0.000008,0.000437,0.104892,0.000000,0.000002,0.000000,0.000073,0.004470,0.001814,0.000003,0.000011,0.000010,0.000000,0.135052,0.000031
0.003754,0.000004,0.000033,0.093028,0.003483,0.638730,0.000013,0.001375,0.000320,0.000001,0.000128,0.000069,0.000010,0.019209,0.000692,0.000060,0.000025,0.016221,0.000169,0.000048,0.037954,0.000864,0.000009,0.000004,0.030454,0.047164,0.000002,0.000027,0.000006,0.000014,0.094702,0.001182,0.000002,0.000096,0.000098,0.000483,0.009470,0.000097
0.068912,0.000061,0.000452,0.159341,0.434070,0.011430,0.000406,0.008610,0.029550,0.000010,0.064984,0.000600,0.002186,0.029667,0.012045,0.003864,0.003543,0.005301,0.008431,0.001614,0.047357,0.017577,0.000314,0.000057,0.019579,0.024637,0.000013,0.000406,0.000123,0.000310,0.018014,0.000989,0.000196,0.019963,0.001418,0.000675,0.002468,0.000825
0.031970,0.006598,0.000084,0.076322,0.139961,0.000605,0.000109,0.010280,0.056241,0.000055,0.038812,0.001315,0.000028,0.005386,0.000274,0.003274,0.006099,0.049001,0.001481,0.000110,0.055485,0.024456,0.000036,0.001729,0.056639,0.041215,0.000019,0.000154,0.000224,0.005340,0.198284,0.041984,0.000379,0.001023,0.000840,0.120069,0.005671,0.018448
0.171421,0.002739,0.000020,0.018377,0.009993,0.005910,0.000108,0.003019,0.006806,0.000013,0.007688,0.000024,0.000495,0.033052,0.000618,0.002670,0.003304,0.004212,0.000033,0.000423,0.038159,0.054168,0.000015,0.000339,0.343047,0.008906,0.000004,0.000048,0.000013,0.001919,0.271309,0.001182,0.000020,0.001823,0.000291,0.003534,0.000288,0.004012
0.007783,0.012244,0.000232,0.182619,0.004128,0.001863,0.000192,0.006411,0.007980,0.000102,0.016887,0.004025,0.000011,0.003527,0.000625,0.001936,0.007689,0.166513,0.000903,0.000155,0.062234,0.009343,0.000145,0.002704,0.114257,0.023460,0.000074,0.000169,0.000495,0.000874,0.066591,0.112678,0.000531,0.011656,0.000492,0.093390,0.040441,0.034640
0.000301,0.000000,0.000000,0.000000,0.052302,0.000000,0.000025,0.000139,0.864657,0.000000,0.000015,0.000083,0.000002,0.000010,0.000201,0.000583,0.000011,0.000036,0.000001,0.016100,0.000224,0.000000,0.000000,0.000000,0.000000,0.000051,0.000000,0.001132,0.000000,0.061458,0.000004,0.002658,0.000000,0.000000,0.000003,0.000000,0.000000,0.000001
0.000450,0.000783,0.000047,0.121314,0.000166,0.008424,0.000009,0.023933,0.133288,0.000022,0.000130,0.004549,0.000507,0.348093,0.000316,0.000295,0.000076,0.040473,0.000185,0.000024,0.013507,0.026214,0.000010,0.000042,0.000033,0.105415,0.000003,0.000031,0.000022,0.056783,0.103241,0.002766,0.000004,0.000370,0.000043,0.000035,0.007302,0.001095
0.023908,0.000026,0.000025,0.002123,0.002926,0.000111,0.002703,0.189495,0.075209,0.000084,0.502578,0.000185,0.000009,0.005588,0.000424,0.000008,0.000318,0.018514,0.000014,0.000255,0.000148,0.000478,0.000000,0.000006,0.000618,0.000585,0.000000,0.000011,0.000393,0.000333,0.002850,0.097856,0.000021,0.001340,0.000148,0.000186,0.000027,0.070497
0.000077,0.000001,0.000001,0.000029,0.001231,0.000301,0.000004,0.000456,0.009572,0.000001,0.048830,0.000001,0.000001,0.000137,0.000016,0.000002,0.000029,0.000145,0.000001,0.000003,0.001555,0.000009,0.000000,0.000000,0.000012,0.000033,0.000000,0.000002,0.000003,0.000120,0.784268,0.122554,0.000000,0.000104,0.000000,0.013384,0.000010,0.017110
0.000093,0.000000,0.000001,0.000004,0.676835,0.000000,0.000148,0.003582,0.246937,0.003885,0.000055,0.000004,0.000001,0.000000,0.000064,0.000000,0.000003,0.001275,0.000003,0.000015,0.000037,0.000000,0.000000,0.000000,0.000001,0.000005,0.000000,0.000004,0.000192,0.000528,0.000037,0.066003,0.000075,0.000023,0.000035,0.000133,0.000003,0.000018
0.000160,0.000002,0.000001,0.027787,0.007106,0.031382,0.000000,0.000156,0.001821,0.000000,0.025596,0.000006,0.000000,0.000110,0.000102,0.000008,0.000013,0.000793,0.000024,0.000000,0.010651,0.000056,0.000000,0.000005,0.003067,0.014527,0.000000,0.000001,0.000594,0.000019,0.365936,0.009198,0.000000,0.000124,0.000000,0.486872,0.000196,0.013687
0.000063,0.000000,0.000001,0.000004,0.212134,0.000001,0.000471,0.046132,0.267982,0.000763,0.002010,0.000024,0.000002,0.000019,0.000335,0.000001,0.000054,0.003309,0.000003,0.000187,0.000137,0.000000,0.000000,0.000000,0.000002,0.000022,0.000000,0.000009,0.000039,0.002676,0.000259,0.463172,0.000033,0.000025,0.000027,0.000064,0.000002,0.000040
0.000210,0.000000,0.000005,0.021986,0.000575,0.874188,0.000001,0.000129,0.000102,0.000000,0.000020,0.000007,0.000008,0.007880,0.001382,0.000001,0.000004,0.000785,0.000006,0.000000,0.003251,0.000186,0.000002,0.000000,0.000097,0.081345,0.000000,0.000001,0.000001,0.000003,0.005847,0.000060,0.000000,0.000270,0.000001,0.000024,0.001617,0.000006
0.000038,0.000000,0.000000,0.000001,0.085724,0.000002,0.001622,0.002844,0.377243,0.006213,0.000336,0.000007,0.000001,0.000005,0.000602,0.000004,0.000178,0.001782,0.000003,0.001231,0.000905,0.000000,0.000000,0.000000,0.000000,0.000021,0.000000,0.000008,0.000179,0.022439,0.000070,0.498118,0.000004,0.000315,0.000014,0.000074,0.000001,0.000014
0.000023,0.000000,0.000000,0.000001,0.269292,0.000002,0.002101,0.002252,0.392588,0.002112,0.000399,0.000002,0.000001,0.000002,0.000333,0.000001,0.000376,0.003075,0.000002,0.000300,0.000400,0.000000,0.000000,0.000000,0.000000,0.000007,0.000000,0.000006,0.000125,0.009059,0.000584,0.316340,0.000001,0.000119,0.000024,0.000455,0.000001,0.000017
0.000306,0.000001,0.000008,0.000010,0.132328,0.000038,0.004715,0.003245,0.163569,0.000079,0.014430,0.001111,0.000069,0.002390,0.043537,0.000024,0.038298,0.000454,0.000008,0.105417,0.003012,0.000014,0.000004,0.000006,0.000001,0.000138,0.000000,0.000074,0.000015,0.404007,0.003039,0.079500,0.000003,0.000032,0.000073,0.000015,0.000004,0.000026
0.029636,0.000097,0.000001,0.000558,0.000271,0.000205,0.000000,0.000006,0.001202,0.000000,0.000565,0.000001,0.000006,0.001184,0.005025,0.000002,0.000702,0.000022,0.000007,0.000035,0.000013,0.953034,0.000000,0.000040,0.006713,0.000090,0.000000,0.000000,0.000000,0.000001,0.000275,0.000000,0.000000,0.000283,0.000002,0.000003,0.000001,0.000020
0.814904,0.001160,0.001879,0.001388,0.000000,0.000262,0.000069,0.000033,0.010898,0.000000,0.001004,0.000002,0.000077,0.000177,0.061700,0.000001,0.001833,0.000011,0.000027,0.002077,0.000001,0.055097,0.000009,0.000113,0.038885,0.000003,0.000020,0.000001,0.000006,0.000005,0.002021,0.000011,0.000003,0.002064,0.003959,0.000001,0.000058,0.000242
0.090277,0.000930,0.000039,0.002329,0.008099,0.008857,0.000295,0.001806,0.011408,0.000007,0.240087,0.000594,0.002540,0.165640,0.001032,0.000786,0.147807,0.002902,0.000041,0.023145,0.005490,0.056499,0.000072,0.009982,0.005722,0.000835,0.000008,0.000041,0.000150,0.004501,0.178328,0.004283,0.000073,0.004515,0.000068,0.002213,0.000150,0.018449
0.095480,0.000047,0.003746,0.000524,0.000020,0.000306,0.002387,0.000207,0.105382,0.000071,0.009657,0.000041,0.027439,0.008328,0.034742,0.000012,0.006097,0.000033,0.012202,0.005630,0.005908,0.255715,0.024872,0.000232,0.001321,0.000097,0.000512,0.000700,0.000017,0.005358,0.040740,0.003872,0.000084,0.332058,0.012929,0.000066,0.002683,0.000487
0.581952,0.121507,0.000182,0.001803,0.000241,0.000170,0.003451,0.000077,0.008901,0.000003,0.004456,0.000020,0.000242,0.000124,0.016014,0.000063,0.079059,0.000086,0.000019,0.001279,0.000013,0.112814,0.000038,0.002223,0.035849,0.000017,0.008583,0.000007,0.000025,0.000074,0.001317,0.000110,0.000116,0.011458,0.003699,0.000184,0.000011,0.003810
0.255348,0.000937,0.000054,0.000964,0.000006,0.001443,0.000949,0.000209,0.095729,0.000032,0.001879,0.000003,0.000035,0.000794,0.000417,0.000058,0.002029,0.000082,0.001817,0.000173,0.000409,0.137816,0.000076,0.000621,0.311264,0.000432,0.000259,0.000017,0.000004,0.005522,0.137102,0.029626,0.000034,0.005859,0.002373,0.001018,0.003309,0.001300
0.217825,0.048480,0.000535,0.001173,0.000030,0.018572,0.054552,0.029242,0.035228,0.006934,0.003859,0.000098,0.000045,0.161820,0.040079,0.000016,0.003051,0.002453,0.000105,0.021641,0.000082,0.149160,0.001051,0.002132,0.034010,0.002147,0.000082,0.000132,0.000402,0.000191,0.052939,0.000610,0.000085,0.021498,0.005294,0.081748,0.000431,0.002272
0.329146,0.002714,0.000003,0.002080,0.000280,0.001038,0.000017,0.000170,0.002102,0.000000,0.003884,0.000006,0.000029,0.000856,0.001532,0.000007,0.005781,0.000081,0.000015,0.002357,0.000080,0.603410,0.000023,0.030095,0.003630,0.000009,0.000008,0.000001,0.000023,0.000013,0.001614,0.000011,0.000007,0.000054,0.000035,0.001556,0.000043,0.007287
0.879494,0.019110,0.000001,0.000081,0.000048,0.000101,0.001147,0.001479,0.000012,0.000000,0.000608,0.000000,0.000000,0.001094,0.000086,0.000000,0.001196,0.000251,0.000000,0.000116,0.000002,0.047250,0.000000,0.000011,0.017899,0.000001,0.000002,0.000001,0.000002,0.000001,0.000035,0.000007,0.000002,0.000656,0.000144,0.000168,0.000000,0.028990
