0.012248,0.000078,0.863512,0.000770,0.000002,0.000014,0.000184,0.000122,0.009818,0.000002,0.004017,0.000158,0.001613,0.001091,0.010416,0.000003,0.001937,0.000061,0.003901,0.000530,0.000314,0.015791,0.000355,0.000009,0.000154,0.000165,0.000012,0.000484,0.000024,0.000111,0.001702,0.000217,0.000188,0.058424,0.000591,0.000003,0.010895,0.000084
0.000555,0.000362,0.000001,0.000002,0.000230,0.000039,0.003550,0.000036,0.002176,0.000128,0.499424,0.000001,0.000027,0.000349,0.000248,0.000001,0.096635,0.000126,0.000026,0.000180,0.000468,0.000427,0.000217,0.000335,0.000039,0.000011,0.000003,0.000011,0.000030,0.001892,0.386383,0.002368,0.000004,0.000522,0.000068,0.001445,0.000003,0.001680
0.149254,0.005124,0.000052,0.000391,0.000002,0.000341,0.000078,0.000039,0.006856,0.000002,0.492743,0.000806,0.000015,0.000116,0.002003,0.000020,0.166597,0.001408,0.000077,0.010628,0.000022,0.010256,0.000028,0.031785,0.002026,0.000010,0.000026,0.000117,0.000036,0.000089,0.106719,0.000082,0.000058,0.000040,0.000014,0.000179,0.000747,0.011215
0.059931,0.000145,0.000729,0.001712,0.000000,0.000217,0.000007,0.000029,0.012603,0.000002,0.001481,0.000007,0.000054,0.001988,0.032581,0.000010,0.006333,0.000017,0.000076,0.009715,0.000006,0.002065,0.004265,0.004010,0.000583,0.000003,0.000165,0.000030,0.000006,0.000007,0.860095,0.000729,0.000013,0.000048,0.000060,0.000010,0.000173,0.000094
0.000027,0.000012,0.000000,0.000000,0.000008,0.000000,0.002214,0.000025,0.000584,0.000005,0.748663,0.000000,0.000000,0.000059,0.000001,0.000000,0.063665,0.000019,0.000000,0.000014,0.000016,0.000192,0.000000,0.000001,0.000000,0.000000,0.000000,0.000000,0.000000,0.001075,0.182984,0.000168,0.000000,0.000005,0.000000,0.000004,0.000000,0.000258
0.008946,0.000221,0.000001,0.000008,0.000000,0.000007,0.000009,0.000002,0.001055,0.000000,0.821827,0.000113,0.000001,0.000019,0.000068,0.000001,0.135462,0.000013,0.000002,0.002905,0.000010,0.006050,0.000001,0.006631,0.000064,0.000000,0.000000,0.000002,0.000001,0.000023,0.015317,0.000002,0.000002,0.000002,0.000000,0.000006,0.000007,0.001221
0.982736,0.000087,0.000001,0.000002,0.000000,0.000008,0.000001,0.000000,0.000827,0.000000,0.000552,0.000001,0.000000,0.000001,0.009834,0.000000,0.000126,0.000006,0.000000,0.001167,0.000000,0.004062,0.000000,0.000035,0.000485,0.000000,0.000000,0.000000,0.000000,0.000000,0.000056,0.000000,0.000000,0.000000,0.000001,0.000000,0.000001,0.000009
0.512714,0.000075,0.000017,0.000331,0.000000,0.000033,0.000001,0.000002,0.017312,0.000000,0.213520,0.000003,0.000011,0.000552,0.000300,0.000010,0.023273,0.000001,0.000044,0.162638,0.000017,0.062185,0.000072,0.000206,0.000296,0.000000,0.000006,0.000000,0.000000,0.000194,0.003533,0.000824,0.000005,0.001132,0.000047,0.000000,0.000014,0.000629
0.047592,0.000683,0.000029,0.000265,0.004468,0.000038,0.003344,0.001642,0.004696,0.000033,0.797062,0.000275,0.000027,0.026914,0.000800,0.000027,0.039882,0.002378,0.000015,0.002183,0.001047,0.001237,0.000003,0.000012,0.000026,0.000130,0.000000,0.000003,0.000109,0.028414,0.028470,0.003415,0.000049,0.000426,0.000129,0.000038,0.000010,0.004129
0.001412,0.000177,0.000001,0.000001,0.000180,0.000005,0.002489,0.000182,0.001428,0.000104,0.266582,0.000005,0.000000,0.000044,0.000028,0.000000,0.250631,0.000087,0.000020,0.000041,0.000161,0.002447,0.000000,0.000047,0.000010,0.000001,0.000000,0.000000,0.000006,0.002027,0.469174,0.000090,0.000004,0.000110,0.000009,0.000037,0.000001,0.002459
0.059147,0.000261,0.000009,0.000273,0.000001,0.000012,0.000001,0.000002,0.006937,0.000000,0.003113,0.000000,0.000004,0.000089,0.000577,0.000000,0.000776,0.000001,0.001148,0.000313,0.000038,0.866001,0.000076,0.045318,0.000432,0.000001,0.000261,0.000002,0.000002,0.000006,0.014339,0.000106,0.000001,0.000039,0.000003,0.000574,0.000062,0.000076
0.035883,0.000801,0.000004,0.000027,0.000000,0.000011,0.000013,0.000009,0.011384,0.000000,0.433252,0.000257,0.000001,0.000047,0.000334,0.000001,0.374015,0.000050,0.000003,0.009313,0.000007,0.016419,0.000003,0.009219,0.000344,0.000000,0.000000,0.000012,0.000002,0.000039,0.105179,0.000012,0.000002,0.000010,0.000001,0.000012,0.000030,0.003305
0.113644,0.000150,0.000002,0.000108,0.000212,0.000025,0.000467,0.000163,0.000169,0.000004,0.754268,0.000700,0.000006,0.001172,0.000194,0.000052,0.089010,0.000176,0.000008,0.026546,0.000320,0.001418,0.000005,0.000169,0.001819,0.000002,0.000000,0.000001,0.000003,0.002667,0.000042,0.000010,0.000335,0.000075,0.000141,0.000001,0.000013,0.005902
0.036705,0.000062,0.000009,0.005967,0.000000,0.000003,0.000000,0.000001,0.002946,0.000000,0.000093,0.000000,0.000001,0.000005,0.000079,0.000000,0.000213,0.000000,0.000123,0.000063,0.000001,0.953050,0.000001,0.000172,0.000183,0.000000,0.000002,0.000000,0.000000,0.000003,0.000114,0.000002,0.000000,0.000058,0.000001,0.000004,0.000129,0.000010
0.003990,0.000970,0.000000,0.000001,0.000002,0.000001,0.000214,0.000005,0.000267,0.000020,0.161117,0.000002,0.000000,0.000025,0.000001,0.000000,0.686393,0.000034,0.000005,0.000115,0.000009,0.017901,0.000000,0.000235,0.000098,0.000001,0.000000,0.000000,0.000000,0.000059,0.125186,0.000015,0.000001,0.000287,0.000003,0.000022,0.000000,0.003018
0.510294,0.018185,0.000060,0.000180,0.007846,0.000108,0.079206,0.000606,0.005346,0.000526,0.224976,0.000222,0.000037,0.000366,0.009357,0.000020,0.080244,0.002475,0.000073,0.002737,0.001541,0.016774,0.000206,0.000524,0.016653,0.000040,0.000005,0.000002,0.001588,0.001540,0.001815,0.000015,0.000957,0.002468,0.005062,0.000445,0.000117,0.007388
0.000201,0.000080,0.000000,0.000002,0.000000,0.000002,0.000219,0.000009,0.023997,0.000000,0.014093,0.000094,0.000000,0.000001,0.000010,0.000000,0.870130,0.000018,0.000001,0.000147,0.000005,0.004290,0.000000,0.004551,0.000457,0.000000,0.000000,0.000010,0.000000,0.000008,0.079957,0.000011,0.000000,0.000004,0.000000,0.000107,0.000004,0.001592
0.044289,0.000432,0.000236,0.001661,0.000001,0.000017,0.000047,0.000002,0.000223,0.000000,0.000397,0.000003,0.000004,0.000020,0.001695,0.000001,0.000760,0.000010,0.002771,0.000001,0.000007,0.861736,0.000005,0.000005,0.008330,0.000008,0.000007,0.000001,0.000000,0.000049,0.000230,0.000011,0.000016,0.074334,0.000111,0.000133,0.002428,0.000021
