0.213603,0.000074,0.000011,0.009253,0.008753,0.000011,0.001243,0.000538,0.000380,0.000000,0.658723,0.000379,0.000417,0.000048,0.000224,0.002690,0.058924,0.000068,0.000008,0.000644,0.013191,0.000060,0.000004,0.000003,0.003187,0.000712,0.000001,0.000008,0.000533,0.002505,0.000822,0.000503,0.000053,0.022004,0.000069,0.000248,0.000013,0.000095
0.127316,0.000077,0.000022,0.015789,0.005942,0.001185,0.000074,0.000198,0.000159,0.000000,0.274472,0.000011,0.000104,0.000086,0.000028,0.000059,0.001848,0.000155,0.000003,0.000115,0.009706,0.000017,0.000002,0.000003,0.004984,0.000829,0.000005,0.000016,0.007193,0.000026,0.012509,0.024282,0.000001,0.454128,0.000062,0.057882,0.000006,0.000707
0.625833,0.000075,0.000016,0.002500,0.026060,0.000268,0.000102,0.000054,0.002173,0.000009,0.282381,0.000004,0.000366,0.002532,0.000176,0.000393,0.019690,0.000048,0.000193,0.000454,0.000702,0.003656,0.000033,0.000081,0.009842,0.003148,0.000022,0.000017,0.000135,0.000029,0.007008,0.001279,0.000038,0.007809,0.000266,0.002364,0.000011,0.000232
0.181524,0.003305,0.000144,0.001351,0.037846,0.003283,0.026238,0.003092,0.003091,0.003143,0.577033,0.000102,0.000357,0.004844,0.000123,0.000072,0.002312,0.011225,0.000053,0.004315,0.010868,0.000507,0.002807,0.000014,0.000214,0.012078,0.000016,0.000139,0.004464,0.001806,0.002228,0.020495,0.000447,0.074782,0.002079,0.002781,0.000099,0.000726
0.026154,0.000681,0.000118,0.000202,0.014072,0.000020,0.001777,0.000080,0.000336,0.000048,0.101829,0.000048,0.002884,0.000149,0.000821,0.000178,0.311875,0.000084,0.000027,0.001413,0.015609,0.000194,0.001433,0.000022,0.000326,0.000520,0.000056,0.000035,0.001307,0.001593,0.000344,0.001136,0.000416,0.509559,0.003110,0.001393,0.000039,0.000110
0.078504,0.000004,0.000000,0.000019,0.001662,0.000000,0.000014,0.000003,0.000009,0.000000,0.789435,0.000000,0.000002,0.000001,0.000000,0.000018,0.053172,0.000000,0.000000,0.000009,0.000084,0.000007,0.000000,0.000000,0.000083,0.000005,0.000000,0.000000,0.000000,0.000005,0.000003,0.000003,0.000000,0.076941,0.000010,0.000003,0.000000,0.000004
0.013725,0.000029,0.000001,0.000211,0.001201,0.000105,0.000008,0.000002,0.000913,0.000002,0.232686,0.000000,0.000003,0.000739,0.000002,0.000004,0.000352,0.000006,0.000012,0.000000,0.001400,0.002331,0.000004,0.000004,0.005253,0.004692,0.000012,0.000000,0.000000,0.000003,0.638665,0.003986,0.000000,0.004964,0.000001,0.087764,0.000006,0.000915
0.926042,0.000007,0.000002,0.000166,0.000447,0.000012,0.000913,0.000029,0.001179,0.000000,0.050733,0.000000,0.000083,0.001013,0.000001,0.000000,0.000648,0.000009,0.000001,0.000111,0.000028,0.000421,0.000013,0.000000,0.000006,0.005807,0.000000,0.000001,0.000074,0.000004,0.000097,0.000429,0.000000,0.011592,0.000040,0.000020,0.000001,0.000068
0.072109,0.000065,0.000046,0.000081,0.000651,0.000050,0.000267,0.000016,0.010946,0.001207,0.494238,0.000001,0.000252,0.000194,0.000019,0.000008,0.000351,0.000047,0.000066,0.000009,0.000702,0.000213,0.000006,0.000002,0.000074,0.006276,0.000016,0.000010,0.025805,0.000006,0.014598,0.069868,0.000004,0.162523,0.000018,0.133197,0.000010,0.006048
0.225657,0.000871,0.000044,0.000021,0.035111,0.000011,0.000477,0.000083,0.000233,0.000005,0.194332,0.000031,0.009675,0.000061,0.000455,0.000385,0.168807,0.000019,0.000019,0.006965,0.065076,0.000085,0.005793,0.000006,0.000012,0.000156,0.000011,0.000008,0.000037,0.004352,0.000551,0.000627,0.000760,0.276664,0.002470,0.000067,0.000005,0.000059
0.010459,0.000005,0.000000,0.000005,0.000001,0.000000,0.000071,0.000000,0.000019,0.000000,0.011171,0.000000,0.000000,0.000000,0.000000,0.000000,0.000510,0.000000,0.000000,0.000000,0.000036,0.000006,0.000000,0.000000,0.025295,0.000018,0.000000,0.000000,0.000019,0.000000,0.000077,0.000104,0.000000,0.939978,0.000001,0.012198,0.000000,0.000024
0.069707,0.000216,0.000001,0.000232,0.000174,0.000001,0.000011,0.000005,0.000007,0.000000,0.902856,0.000002,0.000027,0.000012,0.000004,0.001459,0.006881,0.000012,0.000003,0.000040,0.000538,0.000095,0.000055,0.000000,0.014932,0.000071,0.000001,0.000001,0.000000,0.000068,0.000130,0.000004,0.000010,0.002391,0.000042,0.000003,0.000000,0.000010
0.248154,0.000178,0.000017,0.000499,0.005877,0.000043,0.000802,0.000143,0.002291,0.000016,0.427290,0.000041,0.000151,0.002626,0.000071,0.000194,0.024920,0.000031,0.000078,0.001670,0.003795,0.000439,0.000213,0.000009,0.000392,0.001211,0.000138,0.000014,0.000030,0.000755,0.001452,0.011449,0.000049,0.264267,0.000206,0.000417,0.000016,0.000054
0.025685,0.000238,0.000115,0.005455,0.004114,0.000413,0.001466,0.000890,0.001711,0.000001,0.745712,0.002214,0.000685,0.002023,0.000218,0.001109,0.032457,0.000943,0.000348,0.000398,0.019617,0.002123,0.000020,0.000017,0.015546,0.048404,0.000022,0.000017,0.000096,0.000314,0.005555,0.003593,0.000129,0.076989,0.000661,0.000158,0.000157,0.000387
0.000736,0.000004,0.000000,0.000000,0.007034,0.000000,0.000022,0.000000,0.000001,0.000000,0.971877,0.000000,0.000003,0.000000,0.000000,0.000007,0.019190,0.000000,0.000000,0.000029,0.000026,0.000000,0.000604,0.000000,0.000008,0.000000,0.000000,0.000000,0.000000,0.000005,0.000001,0.000000,0.000001,0.000436,0.000002,0.000000,0.000000,0.000014
0.087574,0.000087,0.000001,0.000750,0.030754,0.000042,0.000081,0.000082,0.000167,0.000000,0.632495,0.000003,0.001755,0.000155,0.000066,0.007177,0.143222,0.000029,0.000004,0.004599,0.011891,0.000209,0.000020,0.000002,0.029899,0.000276,0.000000,0.000019,0.000003,0.000334,0.000616,0.000036,0.000006,0.047181,0.000173,0.000097,0.000001,0.000194
