0.665773,0.002737,0.000002,0.000500,0.000447,0.000770,0.000013,0.000033,0.000175,0.000000,0.109351,0.000005,0.000013,0.000297,0.000360,0.000009,0.006452,0.000119,0.000000,0.000937,0.000048,0.173830,0.000001,0.002737,0.009658,0.000004,0.000003,0.000001,0.000036,0.000012,0.004046,0.000010,0.000004,0.001351,0.000006,0.002502,0.000006,0.017753
0.002278,0.000198,0.000033,0.055544,0.344835,0.073357,0.000014,0.008546,0.000977,0.000002,0.002117,0.000029,0.000100,0.001906,0.000551,0.000154,0.000097,0.041031,0.000058,0.000012,0.079551,0.000172,0.000003,0.000034,0.021893,0.145238,0.000001,0.000039,0.000422,0.000472,0.163158,0.000857,0.000004,0.000573,0.000016,0.054227,0.001002,0.000498
0.003679,0.000403,0.000022,0.029014,0.213818,0.005232,0.000002,0.038347,0.014835,0.000001,0.000407,0.000384,0.000008,0.001700,0.000168,0.000352,0.000025,0.105201,0.000555,0.000002,0.119115,0.000171,0.000004,0.000041,0.003113,0.118566,0.000001,0.000032,0.000028,0.001955,0.309606,0.002238,0.000005,0.000023,0.000011,0.022901,0.007829,0.000204
0.012051,0.002148,0.000131,0.054802,0.125451,0.007019,0.000063,0.019843,0.013932,0.000118,0.002327,0.000772,0.000166,0.037528,0.001986,0.002798,0.000136,0.150478,0.007675,0.000066,0.032019,0.004065,0.000042,0.000283,0.005107,0.412740,0.000009,0.000246,0.000037,0.006109,0.087773,0.001902,0.000173,0.000041,0.001803,0.001698,0.006145,0.000320
0.000531,0.000360,0.000006,0.094963,0.017947,0.110827,0.000001,0.043075,0.030207,0.000006,0.000042,0.000099,0.000003,0.006711,0.000040,0.000066,0.000006,0.203218,0.000068,0.000002,0.006511,0.000597,0.000001,0.000018,0.001102,0.105614,0.000001,0.000003,0.000006,0.001057,0.364415,0.000929,0.000000,0.000038,0.000014,0.000291,0.011163,0.000063
0.007963,0.009194,0.000041,0.325594,0.001649,0.020074,0.000029,0.027595,0.007827,0.000060,0.000068,0.003109,0.000123,0.059372,0.000066,0.006831,0.000088,0.156153,0.000280,0.000045,0.012173,0.006459,0.000082,0.001110,0.000745,0.016858,0.000100,0.000107,0.000249,0.004514,0.284739,0.010462,0.000023,0.000278,0.000080,0.001126,0.030954,0.003779
0.068389,0.015722,0.000028,0.010947,0.187447,0.001059,0.000104,0.014882,0.087726,0.000053,0.002824,0.000047,0.000322,0.008676,0.000079,0.002857,0.000764,0.059287,0.000163,0.000238,0.108389,0.027709,0.000083,0.000558,0.016973,0.012223,0.000013,0.000119,0.000284,0.001737,0.304566,0.004686,0.000033,0.002748,0.000293,0.044797,0.002357,0.010817
0.012309,0.000041,0.000000,0.001423,0.578295,0.000070,0.000000,0.000408,0.001696,0.000000,0.002402,0.000000,0.000011,0.000031,0.000007,0.000642,0.000225,0.000248,0.000006,0.000002,0.047714,0.000038,0.000000,0.000012,0.004483,0.001231,0.000000,0.000002,0.000004,0.000083,0.105162,0.000251,0.000001,0.000153,0.000002,0.242826,0.000010,0.000213
0.261169,0.000194,0.000004,0.003511,0.338352,0.000040,0.000001,0.000370,0.016014,0.000000,0.000506,0.000006,0.000764,0.041390,0.007398,0.000142,0.004336,0.000119,0.001004,0.000188,0.001279,0.301522,0.000337,0.003039,0.009099,0.000245,0.000006,0.000005,0.000001,0.000070,0.008156,0.000191,0.000005,0.000246,0.000084,0.000031,0.000097,0.000080
0.009907,0.003201,0.000008,0.000214,0.014604,0.000024,0.000042,0.000404,0.004727,0.000042,0.002371,0.000584,0.000014,0.003431,0.000024,0.001030,0.001431,0.001113,0.000876,0.000039,0.018069,0.002718,0.000084,0.004608,0.003147,0.000175,0.000175,0.000217,0.000032,0.001368,0.038373,0.004287,0.000114,0.000070,0.000030,0.867927,0.000400,0.014117
0.002849,0.000015,0.000001,0.000012,0.974346,0.000001,0.000000,0.000022,0.002844,0.000000,0.000075,0.000011,0.000114,0.008590,0.000237,0.000114,0.000115,0.000030,0.001013,0.000014,0.001358,0.006060,0.000560,0.000616,0.000191,0.000027,0.000001,0.000019,0.000000,0.000033,0.000630,0.000021,0.000001,0.000002,0.000003,0.000051,0.000010,0.000009
0.017859,0.001648,0.000017,0.000038,0.671731,0.000010,0.000029,0.000171,0.012016,0.000158,0.007869,0.000405,0.000021,0.006714,0.000093,0.000928,0.000425,0.000585,0.003558,0.000025,0.006600,0.003037,0.000153,0.001189,0.000502,0.000260,0.000143,0.000104,0.000037,0.000725,0.007175,0.003501,0.000310,0.000065,0.000106,0.248327,0.000091,0.003375
0.096934,0.001636,0.000012,0.000904,0.218322,0.000254,0.000066,0.000490,0.016635,0.000046,0.070274,0.000248,0.000127,0.001508,0.000054,0.003850,0.008837,0.000920,0.000737,0.000143,0.066019,0.003298,0.000075,0.001747,0.004253,0.000366,0.000251,0.000164,0.000822,0.001335,0.199985,0.025830,0.000049,0.001719,0.000079,0.237823,0.000145,0.034042
0.000039,0.000031,0.000000,0.000262,0.000351,0.000011,0.000000,0.000609,0.000281,0.000000,0.000000,0.000017,0.000004,0.877670,0.000048,0.000027,0.000003,0.001130,0.000041,0.000000,0.000628,0.007509,0.000913,0.000177,0.000000,0.000071,0.000000,0.000001,0.000000,0.000007,0.109005,0.000305,0.000000,0.000000,0.000000,0.000078,0.000762,0.000017
0.079376,0.000033,0.000012,0.003764,0.064740,0.007948,0.000066,0.000353,0.010728,0.000004,0.002808,0.000041,0.028342,0.556014,0.008220,0.000090,0.012130,0.000524,0.002411,0.000705,0.001498,0.066757,0.014178,0.000145,0.000222,0.084083,0.000026,0.000077,0.000021,0.000019,0.046536,0.005807,0.000029,0.000969,0.000577,0.000213,0.000457,0.000080
0.006469,0.000001,0.000000,0.000002,0.966761,0.000009,0.000000,0.000002,0.000242,0.000000,0.005171,0.000000,0.000021,0.000595,0.000002,0.000001,0.000008,0.000001,0.000010,0.000001,0.001197,0.000107,0.000001,0.000000,0.000006,0.000016,0.000000,0.000001,0.000002,0.000001,0.004923,0.000053,0.000000,0.000017,0.000000,0.014304,0.000000,0.000075
