0.039050,0.011806,0.000044,0.013085,0.014831,0.000061,0.000021,0.010770,0.073598,0.000026,0.005377,0.000141,0.000037,0.002675,0.000023,0.000898,0.000459,0.045651,0.003310,0.000009,0.018892,0.006219,0.000007,0.000442,0.003763,0.074640,0.000011,0.000028,0.000043,0.003639,0.634350,0.010796,0.000017,0.000105,0.000049,0.023608,0.000765,0.000752
0.001857,0.000577,0.000156,0.240284,0.022709,0.060483,0.000114,0.045558,0.015127,0.000068,0.002958,0.002928,0.000604,0.007896,0.000215,0.003540,0.000170,0.126077,0.000377,0.000047,0.042855,0.001746,0.000020,0.000114,0.003988,0.283883,0.000011,0.000109,0.001220,0.002916,0.105319,0.012184,0.000026,0.000786,0.000279,0.003897,0.005402,0.003500
0.007997,0.000142,0.000000,0.000726,0.382029,0.000039,0.000000,0.000684,0.004832,0.000000,0.003028,0.000000,0.000057,0.000145,0.000007,0.000064,0.000201,0.000346,0.000006,0.000002,0.045083,0.000163,0.000001,0.000052,0.002421,0.002683,0.000000,0.000003,0.000039,0.000034,0.523394,0.000126,0.000000,0.000087,0.000001,0.025295,0.000009,0.000304
0.005411,0.000171,0.000059,0.029653,0.043177,0.028848,0.000009,0.013347,0.003259,0.000054,0.001158,0.000126,0.000004,0.002846,0.000121,0.000908,0.000011,0.176188,0.006079,0.000002,0.082201,0.000194,0.000003,0.000039,0.016973,0.517963,0.000001,0.000012,0.000003,0.001033,0.055066,0.000796,0.000014,0.000025,0.000099,0.004851,0.009249,0.000049
0.079209,0.176080,0.000040,0.003052,0.009492,0.000017,0.000430,0.001549,0.018247,0.000093,0.018703,0.000324,0.000030,0.001231,0.000067,0.000845,0.006224,0.032386,0.002229,0.000063,0.039440,0.015488,0.000016,0.004524,0.060448,0.014815,0.000012,0.000091,0.000718,0.005130,0.170818,0.007158,0.000371,0.000444,0.000385,0.316627,0.000530,0.012673
0.011850,0.000934,0.000027,0.159148,0.087878,0.002487,0.000010,0.016988,0.024983,0.000012,0.002195,0.000245,0.000027,0.000300,0.000058,0.001789,0.000226,0.105592,0.000473,0.000007,0.064301,0.000416,0.000011,0.000105,0.014275,0.066681,0.000014,0.000070,0.000195,0.001879,0.282904,0.016855,0.000012,0.001313,0.000029,0.124186,0.008778,0.002750
0.006204,0.001171,0.000029,0.129037,0.058443,0.003817,0.000004,0.009229,0.001736,0.000007,0.000881,0.000023,0.000003,0.000253,0.000106,0.000618,0.000026,0.177184,0.001859,0.000001,0.072435,0.000148,0.000001,0.000068,0.048360,0.110148,0.000000,0.000016,0.000045,0.001136,0.155878,0.003222,0.000012,0.000042,0.000051,0.213356,0.004074,0.000374
0.007029,0.000151,0.000001,0.005878,0.151487,0.000041,0.000000,0.001406,0.000270,0.000000,0.000925,0.000001,0.000001,0.000012,0.000009,0.000358,0.000017,0.004275,0.000052,0.000000,0.068227,0.000006,0.000000,0.000007,0.004289,0.003005,0.000000,0.000003,0.000004,0.000215,0.289585,0.000783,0.000001,0.000017,0.000002,0.461635,0.000090,0.000215
0.001104,0.000018,0.000001,0.006285,0.498909,0.001074,0.000000,0.005781,0.000854,0.000000,0.000334,0.000002,0.000001,0.000024,0.000007,0.000580,0.000010,0.020034,0.000091,0.000001,0.040248,0.000004,0.000000,0.000005,0.002572,0.006989,0.000000,0.000004,0.000003,0.000232,0.304517,0.000663,0.000001,0.000026,0.000005,0.109353,0.000132,0.000137
0.009410,0.001217,0.000130,0.045905,0.033026,0.031596,0.000119,0.005666,0.032973,0.000071,0.001682,0.000444,0.000094,0.061768,0.001031,0.000242,0.000414,0.155752,0.000474,0.000165,0.009874,0.048722,0.000038,0.000280,0.006791,0.428838,0.000012,0.000060,0.000108,0.001449,0.106354,0.004470,0.000025,0.000496,0.000375,0.001083,0.006924,0.001924
0.002927,0.000079,0.000001,0.000313,0.300983,0.000106,0.000001,0.004800,0.010076,0.000006,0.001536,0.000006,0.000001,0.000143,0.000002,0.003630,0.000109,0.007967,0.000573,0.000001,0.005573,0.000242,0.000001,0.000107,0.001543,0.000621,0.000001,0.000003,0.000001,0.000294,0.556188,0.003193,0.000003,0.000024,0.000010,0.095813,0.000290,0.002836
0.006072,0.000297,0.000100,0.057546,0.000379,0.000831,0.002570,0.000894,0.001919,0.000106,0.045656,0.000007,0.000008,0.000205,0.000076,0.000009,0.000054,0.010006,0.000060,0.000004,0.001168,0.000173,0.000003,0.000012,0.049796,0.015283,0.000002,0.000005,0.027881,0.000006,0.010532,0.061105,0.000011,0.196871,0.000031,0.477800,0.000225,0.032297
0.000313,0.000772,0.000004,0.813388,0.000079,0.001730,0.000002,0.000725,0.000124,0.000001,0.000056,0.000022,0.000000,0.000024,0.000013,0.000051,0.000001,0.058389,0.000246,0.000000,0.014839,0.000033,0.000000,0.000002,0.009679,0.075248,0.000000,0.000002,0.000110,0.000288,0.018751,0.000650,0.000001,0.000014,0.000004,0.001180,0.003171,0.000088
0.004575,0.000943,0.000004,0.001018,0.282731,0.000047,0.000001,0.008249,0.030509,0.000001,0.000624,0.000043,0.000002,0.000669,0.000004,0.003730,0.000071,0.019719,0.008742,0.000001,0.020449,0.000078,0.000002,0.000238,0.000426,0.002064,0.000000,0.000016,0.000001,0.006236,0.576919,0.000762,0.000007,0.000003,0.000006,0.030846,0.000153,0.000109
0.000557,0.001210,0.000170,0.086977,0.008662,0.060175,0.000396,0.001941,0.010439,0.000404,0.002183,0.002208,0.000112,0.122332,0.009723,0.000456,0.000278,0.088648,0.004315,0.000176,0.011947,0.018657,0.000121,0.000260,0.029532,0.442072,0.000019,0.000389,0.000160,0.000587,0.049179,0.005406,0.000655,0.000655,0.007516,0.000120,0.030208,0.001157
0.000038,0.000008,0.000003,0.062183,0.000489,0.651114,0.000006,0.005754,0.000416,0.000001,0.000126,0.000047,0.000007,0.001353,0.000010,0.000024,0.000002,0.048448,0.000007,0.000001,0.009940,0.000142,0.000000,0.000000,0.000968,0.203442,0.000000,0.000001,0.000001,0.000131,0.013159,0.000264,0.000000,0.000057,0.000005,0.000061,0.001636,0.000155
0.074892,0.000217,0.000006,0.596938,0.045725,0.000159,0.000001,0.000255,0.000161,0.000000,0.000162,0.000002,0.000003,0.003046,0.000118,0.000178,0.000070,0.001852,0.000038,0.000001,0.030953,0.000560,0.000002,0.000008,0.002617,0.008369,0.000001,0.000003,0.000000,0.000051,0.230908,0.001362,0.000001,0.000076,0.000005,0.000997,0.000251,0.000013
0.002140,0.000117,0.000004,0.049584,0.052940,0.022606,0.000001,0.000423,0.003625,0.000001,0.002439,0.000011,0.000004,0.000380,0.000029,0.000208,0.000054,0.003808,0.000035,0.000001,0.022224,0.000190,0.000001,0.000019,0.008745,0.014565,0.000000,0.000011,0.000044,0.000456,0.536874,0.001814,0.000002,0.000088,0.000002,0.275416,0.000249,0.000891
0.051193,0.000038,0.000010,0.017641,0.712090,0.001217,0.000003,0.003418,0.008432,0.000001,0.002180,0.000011,0.000150,0.013547,0.000110,0.000181,0.000116,0.006693,0.000095,0.000013,0.015011,0.003512,0.000003,0.000010,0.002069,0.057626,0.000000,0.000015,0.000001,0.000402,0.103782,0.000108,0.000003,0.000066,0.000045,0.000090,0.000096,0.000024
