0.005218,0.000002,0.000001,0.000005,0.005584,0.000001,0.000343,0.004268,0.058897,0.002063,0.000599,0.000050,0.000003,0.000329,0.000140,0.000265,0.000070,0.000164,0.000012,0.000596,0.003686,0.000003,0.000001,0.000001,0.000055,0.000392,0.000007,0.000040,0.000011,0.005440,0.000011,0.909398,0.000146,0.001960,0.000191,0.000018,0.000009,0.000022
0.002902,0.000000,0.000001,0.000000,0.000001,0.000000,0.000000,0.000002,0.000001,0.000000,0.000003,0.000256,0.000005,0.000000,0.003335,0.000047,0.000000,0.000001,0.000001,0.000000,0.084368,0.000000,0.000457,0.000000,0.000018,0.000001,0.000000,0.000001,0.000000,0.001947,0.000000,0.000090,0.906557,0.000000,0.000000,0.000000,0.000000,0.000000
0.000383,0.000000,0.000000,0.000000,0.000000,0.000000,0.000000,0.000000,0.000000,0.000000,0.000000,0.000104,0.000000,0.000000,0.000002,0.000004,0.000000,0.000001,0.000000,0.000000,0.001123,0.000000,0.000056,0.000000,0.000001,0.000000,0.000000,0.000000,0.000000,0.000005,0.000000,0.000003,0.998317,0.000000,0.000000,0.000000,0.000000,0.000000
0.000017,0.000000,0.000001,0.000000,0.000000,0.000000,0.000000,0.000000,0.000001,0.000000,0.000000,0.000360,0.000001,0.000000,0.000114,0.000001,0.000000,0.000010,0.000000,0.000000,0.002182,0.000000,0.000005,0.000000,0.000005,0.000000,0.000000,0.000000,0.000000,0.000009,0.000000,0.000002,0.997293,0.000000,0.000000,0.000000,0.000000,0.000001
0.010841,0.000000,0.000001,0.000000,0.000001,0.000000,0.000001,0.000001,0.000005,0.000000,0.000010,0.000019,0.000017,0.000000,0.090379,0.000005,0.000002,0.000012,0.000003,0.000000,0.023438,0.000000,0.000117,0.000000,0.000224,0.000001,0.000000,0.000000,0.000000,0.000049,0.000001,0.000002,0.874864,0.000000,0.000000,0.000000,0.000001,0.000005
0.065845,0.000906,0.000012,0.000822,0.004230,0.000171,0.018120,0.013502,0.098680,0.052965,0.289612,0.000132,0.000043,0.005912,0.002289,0.000091,0.015424,0.001899,0.000207,0.001073,0.008522,0.014875,0.000600,0.000037,0.156587,0.007301,0.000056,0.000061,0.000200,0.027753,0.002267,0.036371,0.000388,0.146139,0.003979,0.004396,0.000184,0.018346
0.161793,0.000045,0.000050,0.000065,0.003589,0.000007,0.000083,0.000385,0.000458,0.000052,0.003246,0.135185,0.000124,0.009697,0.001506,0.013281,0.000456,0.000192,0.000369,0.080784,0.242553,0.000058,0.000353,0.000008,0.000049,0.000508,0.000003,0.000460,0.000002,0.183193,0.000100,0.003005,0.157974,0.000256,0.000046,0.000007,0.000033,0.000022
0.000456,0.000002,0.000001,0.000004,0.000604,0.000000,0.000012,0.000181,0.032679,0.002410,0.000034,0.000067,0.000002,0.000000,0.000037,0.000003,0.000031,0.000219,0.000027,0.000005,0.000248,0.000000,0.000002,0.000001,0.000137,0.000004,0.000000,0.000032,0.000042,0.000472,0.000009,0.008569,0.951838,0.000762,0.000539,0.000376,0.000006,0.000188
0.008271,0.000006,0.000002,0.000012,0.000029,0.000001,0.000123,0.001029,0.022343,0.113425,0.000514,0.000100,0.000001,0.000001,0.000082,0.000027,0.000051,0.000583,0.000345,0.000003,0.000258,0.000016,0.000012,0.000007,0.027172,0.000027,0.000002,0.000001,0.000069,0.000404,0.000194,0.011597,0.747274,0.045858,0.000322,0.010930,0.000025,0.008887
0.002011,0.000000,0.000000,0.000000,0.000000,0.000000,0.000000,0.000000,0.000001,0.000000,0.000001,0.000009,0.000003,0.000000,0.003794,0.000002,0.000000,0.000010,0.000001,0.000000,0.046949,0.000000,0.000032,0.000000,0.000091,0.000000,0.000000,0.000000,0.000000,0.000013,0.000000,0.000004,0.947076,0.000000,0.000000,0.000000,0.000000,0.000001
0.000011,0.000000,0.000000,0.000000,0.000000,0.000000,0.000000,0.000000,0.000000,0.000000,0.000000,0.000005,0.000000,0.000000,0.000001,0.000000,0.000000,0.000002,0.000000,0.000000,0.000201,0.000000,0.000002,0.000000,0.000005,0.000000,0.000000,0.000000,0.000000,0.000000,0.000000,0.000000,0.999771,0.000000,0.000000,0.000000,0.000000,0.000000
0.008325,0.000000,0.000002,0.000004,0.000002,0.000000,0.000001,0.000026,0.000032,0.000000,0.000080,0.002145,0.000002,0.000001,0.002344,0.000007,0.000001,0.000077,0.000010,0.000000,0.017615,0.000001,0.000163,0.000000,0.000309,0.000005,0.000000,0.000001,0.000000,0.000203,0.000001,0.000057,0.968569,0.000001,0.000000,0.000000,0.000006,0.000010
0.016471,0.000034,0.000116,0.000617,0.000054,0.000076,0.001415,0.001499,0.075037,0.320860,0.012531,0.000435,0.000031,0.000056,0.000363,0.000081,0.000088,0.003954,0.001016,0.000164,0.001336,0.000136,0.000013,0.000023,0.029612,0.002046,0.000008,0.000013,0.004640,0.001828,0.001152,0.045421,0.015827,0.432195,0.003055,0.010982,0.000133,0.016683
0.001018,0.000002,0.000002,0.000010,0.001173,0.000002,0.000023,0.001114,0.014216,0.003227,0.000578,0.000252,0.000005,0.000011,0.000206,0.000019,0.000006,0.000956,0.000042,0.000064,0.007738,0.000001,0.000015,0.000001,0.000056,0.000021,0.000000,0.000030,0.000006,0.008022,0.000034,0.222903,0.735656,0.001056,0.000164,0.001252,0.000009,0.000110
0.002112,0.000013,0.000005,0.000020,0.000489,0.000002,0.000112,0.000322,0.023179,0.041445,0.000220,0.000103,0.000010,0.000001,0.000095,0.000017,0.000158,0.000497,0.000132,0.000008,0.000533,0.000004,0.000087,0.000018,0.006732,0.000011,0.000005,0.000069,0.000829,0.000544,0.000207,0.015734,0.825503,0.042625,0.001160,0.033771,0.000065,0.003161
0.104178,0.000159,0.000121,0.000365,0.006386,0.000143,0.000213,0.000742,0.001618,0.000015,0.035155,0.029859,0.016711,0.001378,0.029732,0.458452,0.000518,0.000991,0.002093,0.002600,0.210428,0.000438,0.006139,0.000032,0.004060,0.003673,0.000044,0.000841,0.000018,0.009413,0.002383,0.000267,0.070319,0.000045,0.000069,0.000006,0.000192,0.000204
0.005573,0.000411,0.000022,0.002096,0.000066,0.000012,0.000060,0.000995,0.009547,0.000037,0.526695,0.092578,0.000241,0.000658,0.000701,0.064418,0.001120,0.003267,0.010728,0.000041,0.218318,0.005076,0.003567,0.000019,0.006099,0.020566,0.000003,0.000015,0.000002,0.019587,0.000733,0.000133,0.004017,0.000462,0.000401,0.000001,0.001426,0.000306
0.000750,0.000206,0.000090,0.246662,0.000001,0.004129,0.000023,0.010930,0.085210,0.000053,0.000129,0.076810,0.000072,0.006534,0.000555,0.000282,0.000008,0.061816,0.000292,0.000010,0.057659,0.001804,0.000038,0.000013,0.000052,0.002297,0.000025,0.000044,0.000052,0.021520,0.208506,0.026453,0.000001,0.004064,0.000017,0.000001,0.123156,0.059735
0.251895,0.000192,0.000011,0.000070,0.000570,0.000004,0.000181,0.000076,0.000044,0.000006,0.007730,0.004016,0.003550,0.000171,0.007486,0.037480,0.041732,0.000031,0.000036,0.065842,0.457367,0.000030,0.029976,0.000034,0.000796,0.000270,0.000002,0.000128,0.000002,0.038485,0.000069,0.001109,0.050400,0.000014,0.000074,0.000003,0.000041,0.000079
0.000147,0.000105,0.000028,0.204555,0.000005,0.285207,0.000005,0.039304,0.027832,0.000035,0.000046,0.011645,0.000057,0.050211,0.000249,0.000611,0.000006,0.070423,0.001955,0.000009,0.006157,0.002212,0.000002,0.000006,0.000014,0.025181,0.000004,0.000023,0.000011,0.022903,0.153534,0.003612,0.000002,0.000183,0.000025,0.000003,0.091253,0.002438
0.000744,0.000000,0.000000,0.000000,0.000550,0.000000,0.000053,0.000253,0.003980,0.001067,0.000361,0.000002,0.000003,0.000007,0.000164,0.000027,0.001063,0.000009,0.000004,0.000055,0.004497,0.000000,0.000007,0.000000,0.000011,0.000009,0.000000,0.000002,0.000001,0.002052,0.000019,0.972891,0.000695,0.011036,0.000374,0.000047,0.000000,0.000014
0.012384,0.000286,0.000024,0.012022,0.000383,0.000360,0.000442,0.002116,0.004629,0.000289,0.436895,0.025525,0.022897,0.000330,0.032071,0.136567,0.000782,0.019217,0.030211,0.001366,0.119905,0.002938,0.001070,0.000032,0.006054,0.004538,0.000013,0.000028,0.000009,0.028316,0.000731,0.000167,0.091400,0.000041,0.003136,0.000001,0.001974,0.000849
0.007020,0.000177,0.000016,0.001291,0.002534,0.000120,0.000110,0.000229,0.000354,0.000003,0.633435,0.018028,0.047706,0.004481,0.005268,0.173885,0.006100,0.001995,0.000485,0.021658,0.031119,0.001391,0.000707,0.000014,0.011335,0.003060,0.000008,0.000053,0.000004,0.012820,0.001594,0.000069,0.011394,0.000173,0.000810,0.000001,0.000083,0.000473
