0.199583,0.000017,0.003434,0.070644,0.000245,0.000584,0.021343,0.000098,0.001600,0.000103,0.007468,0.000028,0.162961,0.009569,0.000288,0.000006,0.000094,0.000023,0.126486,0.000013,0.005426,0.166557,0.000176,0.000002,0.000102,0.001045,0.000479,0.001941,0.000082,0.000026,0.027053,0.000015,0.000013,0.173841,0.000237,0.001163,0.017231,0.000022
0.045254,0.000292,0.008371,0.061582,0.000610,0.001250,0.000846,0.002923,0.001318,0.000132,0.000286,0.000842,0.052790,0.235655,0.279769,0.000258,0.000048,0.001926,0.122772,0.000021,0.005157,0.017129,0.077236,0.000884,0.000054,0.000938,0.013657,0.005442,0.000271,0.000402,0.043414,0.000257,0.000076,0.000231,0.000044,0.010333,0.007356,0.000176
0.009089,0.000989,0.133714,0.017972,0.000045,0.000525,0.000784,0.001129,0.001399,0.000153,0.000850,0.001162,0.001960,0.029801,0.487164,0.000165,0.000016,0.000996,0.146115,0.000006,0.006617,0.004645,0.067057,0.006485,0.000056,0.000200,0.011136,0.009539,0.000251,0.001624,0.035163,0.000711,0.000136,0.000285,0.000015,0.013021,0.008347,0.000679
0.122797,0.000090,0.067077,0.011929,0.004630,0.000674,0.001048,0.000297,0.000555,0.000615,0.000534,0.000201,0.007963,0.077318,0.015319,0.000175,0.000039,0.000534,0.340557,0.000018,0.015858,0.036273,0.027328,0.000451,0.000014,0.001832,0.069313,0.004739,0.000149,0.000181,0.118748,0.000428,0.000325,0.001386,0.000088,0.065136,0.005237,0.000143
0.001648,0.008322,0.084022,0.001423,0.000007,0.000115,0.000087,0.000088,0.000609,0.000062,0.000409,0.000286,0.000560,0.000197,0.567176,0.000039,0.000068,0.000336,0.227019,0.000003,0.005647,0.001176,0.037009,0.007321,0.001617,0.000030,0.003521,0.012369,0.000068,0.008554,0.007553,0.008253,0.000134,0.001293,0.000017,0.009479,0.002838,0.000649
0.001334,0.000009,0.038513,0.000204,0.000029,0.000054,0.000024,0.000004,0.000079,0.000068,0.000104,0.000018,0.061216,0.000157,0.009087,0.000004,0.000001,0.000015,0.043835,0.000000,0.007270,0.000808,0.795979,0.000154,0.000007,0.000012,0.003536,0.019673,0.000050,0.000902,0.001082,0.000910,0.000006,0.000223,0.000005,0.014065,0.000423,0.000138
0.001497,0.000063,0.000863,0.000009,0.000223,0.000000,0.000011,0.000002,0.000060,0.000040,0.000097,0.000022,0.001278,0.000151,0.000119,0.000003,0.000002,0.000003,0.139074,0.000000,0.052597,0.000506,0.014164,0.000053,0.000001,0.000005,0.002619,0.705466,0.000012,0.005191,0.000465,0.000125,0.000026,0.000325,0.000002,0.074767,0.000153,0.000007
0.016471,0.000944,0.425616,0.002155,0.000087,0.000004,0.000320,0.000457,0.000193,0.000082,0.000054,0.001345,0.000196,0.000099,0.007195,0.000077,0.000016,0.000502,0.068789,0.000002,0.110842,0.000169,0.026038,0.000868,0.000100,0.000202,0.030761,0.283079,0.000186,0.000594,0.004887,0.000625,0.000618,0.002358,0.000051,0.005412,0.008105,0.000501
0.000011,0.000000,0.000135,0.000001,0.000001,0.000000,0.000001,0.000000,0.000002,0.000001,0.000001,0.000000,0.992678,0.000000,0.000002,0.000000,0.000000,0.000000,0.006383,0.000000,0.000102,0.000162,0.000081,0.000000,0.000000,0.000000,0.000001,0.000156,0.000002,0.000004,0.000004,0.000000,0.000000,0.000192,0.000000,0.000075,0.000003,0.000001
0.000045,0.000948,0.005687,0.000441,0.000013,0.000117,0.000084,0.000049,0.000912,0.000121,0.000824,0.000538,0.004015,0.005262,0.675372,0.000080,0.000025,0.000036,0.081249,0.000003,0.009132,0.000437,0.151759,0.000966,0.000149,0.000073,0.004431,0.029502,0.000036,0.014773,0.009392,0.000402,0.000069,0.001182,0.000002,0.001162,0.000432,0.000279
0.003148,0.003567,0.487266,0.003923,0.000010,0.000020,0.000736,0.000175,0.000438,0.000224,0.000190,0.000804,0.008109,0.000143,0.199787,0.000125,0.000045,0.000504,0.029538,0.000005,0.010281,0.000045,0.142507,0.002531,0.001438,0.000031,0.001886,0.080605,0.000511,0.001957,0.007408,0.001767,0.000544,0.002002,0.000006,0.001986,0.002969,0.002768
0.001591,0.004383,0.003729,0.000237,0.000023,0.000020,0.000257,0.000032,0.000297,0.000727,0.000437,0.000198,0.033971,0.000325,0.085362,0.000130,0.000057,0.000044,0.269085,0.000004,0.009280,0.000208,0.424789,0.006027,0.000567,0.000021,0.004845,0.084513,0.000077,0.028305,0.003019,0.002065,0.000290,0.002238,0.000014,0.031996,0.000445,0.000391
0.004800,0.008390,0.109137,0.000130,0.000040,0.000003,0.000195,0.000059,0.000324,0.000198,0.000192,0.000197,0.002003,0.000114,0.007505,0.000047,0.000100,0.000194,0.173840,0.000004,0.036267,0.000258,0.089973,0.008241,0.000042,0.000016,0.007439,0.477458,0.000013,0.007433,0.002554,0.032797,0.001215,0.001621,0.000050,0.025681,0.001324,0.000148
0.000143,0.000781,0.017355,0.000225,0.000022,0.000001,0.000032,0.000038,0.000443,0.000025,0.000185,0.001093,0.001142,0.000581,0.013792,0.000006,0.000020,0.000064,0.104183,0.000001,0.092781,0.000364,0.062253,0.000322,0.000022,0.000020,0.000682,0.684745,0.000011,0.011423,0.003652,0.000484,0.000085,0.000246,0.000002,0.002008,0.000651,0.000117
0.006918,0.010395,0.049372,0.000217,0.000028,0.000001,0.000187,0.000057,0.000162,0.000072,0.000039,0.000200,0.000272,0.000015,0.001546,0.000028,0.000071,0.000308,0.134489,0.000003,0.039488,0.000055,0.020575,0.004091,0.000052,0.000030,0.002265,0.663629,0.000008,0.001694,0.001302,0.012916,0.001467,0.001186,0.000066,0.043698,0.003001,0.000096
0.000077,0.000195,0.011556,0.000007,0.000010,0.000002,0.000055,0.000016,0.000443,0.000365,0.000483,0.000108,0.040610,0.000104,0.003376,0.000012,0.000047,0.000016,0.236182,0.000001,0.047845,0.002074,0.088131,0.000298,0.000008,0.000005,0.000343,0.208294,0.000002,0.353618,0.000395,0.000306,0.000618,0.001161,0.000030,0.003057,0.000098,0.000052
0.001932,0.002805,0.082037,0.000073,0.000015,0.000000,0.000051,0.000011,0.000078,0.000044,0.000008,0.000120,0.000266,0.000003,0.001083,0.000006,0.000046,0.000140,0.020560,0.000001,0.015369,0.000008,0.027557,0.002083,0.000026,0.000006,0.000424,0.831959,0.000010,0.000988,0.000452,0.005529,0.000646,0.000285,0.000035,0.004424,0.000810,0.000112
0.000122,0.001252,0.018265,0.000201,0.000005,0.000014,0.000206,0.000011,0.000284,0.000238,0.000288,0.000304,0.028317,0.000053,0.388651,0.000024,0.000048,0.000071,0.106706,0.000003,0.015977,0.000029,0.281281,0.001340,0.000720,0.000009,0.000236,0.131120,0.000085,0.017041,0.002495,0.001506,0.000503,0.001013,0.000004,0.000368,0.000289,0.000918
0.001248,0.001870,0.326570,0.000295,0.000012,0.000011,0.000619,0.000019,0.000316,0.000727,0.000107,0.000155,0.032061,0.000020,0.109126,0.000025,0.000032,0.000167,0.110766,0.000002,0.007049,0.000086,0.212712,0.003274,0.000952,0.000012,0.001085,0.170925,0.000382,0.008356,0.001615,0.001152,0.000922,0.002460,0.000038,0.003318,0.000635,0.000877
0.000587,0.000211,0.488519,0.001209,0.000015,0.000012,0.000114,0.000070,0.000436,0.000011,0.000106,0.000342,0.005777,0.000468,0.087947,0.000011,0.000019,0.000068,0.356162,0.000002,0.007459,0.001573,0.026082,0.000281,0.000011,0.000045,0.001163,0.012774,0.000017,0.000903,0.002906,0.000350,0.000087,0.001082,0.000006,0.001571,0.001577,0.000026
0.000055,0.000003,0.000042,0.000003,0.000001,0.000001,0.000016,0.000001,0.000018,0.000029,0.000026,0.000002,0.913684,0.000012,0.000455,0.000001,0.000001,0.000000,0.054895,0.000000,0.003575,0.000283,0.018167,0.000009,0.000000,0.000001,0.000034,0.002585,0.000002,0.004569,0.000014,0.000012,0.000006,0.000344,0.000002,0.001134,0.000015,0.000002
0.002436,0.004086,0.055965,0.000195,0.000028,0.000002,0.000154,0.000040,0.000355,0.000118,0.000136,0.000255,0.007257,0.000038,0.006868,0.000068,0.000171,0.000157,0.383223,0.000006,0.074434,0.000170,0.077946,0.002960,0.000033,0.000026,0.000727,0.337706,0.000011,0.012114,0.000864,0.003683,0.002078,0.001564,0.000051,0.022425,0.001461,0.000190
0.009086,0.001683,0.321294,0.000321,0.000010,0.000002,0.000510,0.000184,0.000241,0.000269,0.000059,0.000452,0.002740,0.000010,0.003054,0.000019,0.000258,0.000145,0.098286,0.000008,0.100044,0.000124,0.062691,0.001039,0.000084,0.000039,0.000736,0.379914,0.000172,0.001441,0.000749,0.000898,0.001450,0.004295,0.000362,0.003713,0.003361,0.000256
0.009570,0.020417,0.028835,0.000077,0.000054,0.000001,0.000068,0.000024,0.000198,0.000204,0.000052,0.000080,0.000317,0.000008,0.001076,0.000022,0.000144,0.000309,0.133352,0.000002,0.024876,0.000111,0.029663,0.008450,0.000082,0.000009,0.001863,0.596824,0.000011,0.002929,0.001084,0.029514,0.001142,0.000757,0.000132,0.105255,0.002318,0.000173
0.005697,0.004090,0.404949,0.000190,0.000022,0.000001,0.000260,0.000052,0.000220,0.000092,0.000041,0.000201,0.001557,0.000009,0.005399,0.000034,0.000060,0.000471,0.141501,0.000002,0.027486,0.000031,0.041755,0.003624,0.000034,0.000015,0.000679,0.335337,0.000008,0.004295,0.000671,0.003467,0.003079,0.000533,0.000083,0.012360,0.001475,0.000219
0.002446,0.007935,0.286041,0.000193,0.000015,0.000004,0.000085,0.000028,0.000444,0.000056,0.000064,0.000118,0.000161,0.000085,0.029111,0.000007,0.000026,0.000622,0.013445,0.000001,0.005201,0.000059,0.057387,0.011194,0.000072,0.000004,0.001007,0.564007,0.000006,0.002307,0.003720,0.005221,0.000606,0.000221,0.000034,0.006397,0.001283,0.000385
0.001331,0.000003,0.001084,0.006053,0.000001,0.000009,0.000809,0.000087,0.000490,0.000019,0.001233,0.000034,0.133527,0.000180,0.001787,0.000003,0.000141,0.000007,0.708198,0.000045,0.008613,0.006100,0.000699,0.000001,0.000013,0.000053,0.000031,0.002196,0.000011,0.001438,0.000102,0.000000,0.000010,0.066576,0.000005,0.000778,0.058324,0.000008
0.000756,0.000598,0.761145,0.000016,0.000021,0.000001,0.000154,0.000019,0.000120,0.000153,0.000029,0.000032,0.002348,0.000007,0.000997,0.000004,0.000091,0.000109,0.109604,0.000001,0.019354,0.000251,0.010056,0.000482,0.000008,0.000009,0.000388,0.069831,0.000008,0.001387,0.000281,0.001689,0.001460,0.011318,0.000443,0.006105,0.000660,0.000064
0.000300,0.000075,0.028079,0.000104,0.000031,0.000003,0.000068,0.000021,0.000159,0.000030,0.000053,0.000091,0.122171,0.000183,0.005054,0.000015,0.000007,0.000016,0.777895,0.000001,0.007563,0.001222,0.014438,0.000088,0.000004,0.000017,0.000472,0.032304,0.000012,0.002215,0.000541,0.000021,0.000063,0.000677,0.000006,0.005726,0.000262,0.000014
0.012845,0.000076,0.811043,0.000494,0.000017,0.000006,0.010198,0.000313,0.000225,0.000509,0.000101,0.000155,0.003877,0.000253,0.007314,0.000021,0.000024,0.000082,0.034047,0.000004,0.020993,0.000600,0.045432,0.000346,0.000009,0.000044,0.000703,0.040169,0.000025,0.001353,0.001560,0.000103,0.000411,0.001365,0.000755,0.003216,0.001253,0.000058
0.000247,0.000132,0.001300,0.000127,0.000006,0.000003,0.000094,0.000022,0.000262,0.000175,0.000208,0.000151,0.081549,0.000351,0.022793,0.000042,0.000015,0.000013,0.640105,0.000002,0.017314,0.000268,0.104700,0.000356,0.000006,0.000009,0.000272,0.031528,0.000003,0.091117,0.000525,0.000063,0.000160,0.000463,0.000002,0.005379,0.000193,0.000044
0.002458,0.001792,0.931566,0.000437,0.000003,0.000003,0.000173,0.000026,0.000102,0.000029,0.000022,0.000121,0.000163,0.000004,0.013519,0.000013,0.000017,0.000364,0.012664,0.000001,0.002180,0.000014,0.009336,0.002661,0.000167,0.000006,0.000693,0.012869,0.000019,0.000183,0.000828,0.003551,0.000311,0.000241,0.000021,0.000599,0.002341,0.000503
0.000837,0.000309,0.643979,0.000100,0.000000,0.000001,0.000087,0.000008,0.000059,0.000018,0.000034,0.000098,0.002748,0.000002,0.015396,0.000006,0.000020,0.000066,0.019011,0.000001,0.012793,0.000010,0.132816,0.000562,0.000065,0.000002,0.000150,0.165653,0.000011,0.001490,0.000414,0.001160,0.000711,0.000573,0.000018,0.000330,0.000360,0.000105
0.000010,0.000000,0.002674,0.000022,0.000000,0.000001,0.000031,0.000002,0.000010,0.000001,0.000004,0.000001,0.905849,0.000000,0.000835,0.000000,0.000000,0.000000,0.086020,0.000000,0.000195,0.000051,0.003196,0.000000,0.000000,0.000000,0.000001,0.000148,0.000001,0.000531,0.000005,0.000000,0.000003,0.000369,0.000003,0.000018,0.000016,0.000001
0.000008,0.000001,0.000114,0.000001,0.000000,0.000001,0.000022,0.000003,0.000031,0.000001,0.000005,0.000001,0.000001,0.000000,0.000039,0.000000,0.000000,0.000000,0.000001,0.000000,0.000002,0.000000,0.000001,0.000000,0.000005,0.000001,0.000000,0.000001,0.999293,0.000000,0.000008,0.000003,0.000000,0.000310,0.000000,0.000146,0.000001,0.000001
0.000690,0.000004,0.000944,0.000237,0.000010,0.000004,0.000291,0.000070,0.001636,0.000032,0.001976,0.000102,0.217261,0.000798,0.000624,0.000015,0.000026,0.000007,0.450386,0.000008,0.032363,0.008938,0.004377,0.000003,0.000003,0.000021,0.000027,0.014337,0.000001,0.252353,0.000043,0.000004,0.000111,0.007866,0.000020,0.002208,0.002202,0.000003
0.000446,0.000179,0.011920,0.000730,0.000006,0.000090,0.000272,0.000031,0.000177,0.000103,0.000049,0.000107,0.281449,0.000986,0.226050,0.000040,0.000018,0.000019,0.412147,0.000002,0.001200,0.001047,0.041340,0.000395,0.000065,0.000055,0.002753,0.007955,0.000255,0.001025,0.001871,0.000054,0.000023,0.003131,0.000008,0.003733,0.000226,0.000043
0.001242,0.000464,0.729870,0.000749,0.000005,0.000016,0.000854,0.000032,0.000274,0.000147,0.000034,0.000173,0.011527,0.000027,0.152356,0.000061,0.000007,0.000235,0.052771,0.000002,0.000740,0.000021,0.036523,0.000816,0.000279,0.000011,0.000437,0.005756,0.000086,0.000536,0.001336,0.000244,0.000492,0.000460,0.000006,0.000461,0.000508,0.000441
0.002716,0.000081,0.910782,0.000124,0.000001,0.000005,0.000353,0.000024,0.000105,0.000031,0.000009,0.000010,0.002605,0.000003,0.005096,0.000007,0.000002,0.000037,0.054271,0.000000,0.000276,0.000143,0.018473,0.000154,0.000028,0.000002,0.000271,0.001805,0.000006,0.000369,0.000165,0.000116,0.000127,0.000295,0.000114,0.000938,0.000421,0.000036
0.019413,0.000010,0.005314,0.001458,0.000012,0.000008,0.006728,0.000105,0.000819,0.000028,0.001101,0.000121,0.015507,0.000200,0.000264,0.000015,0.000602,0.000055,0.301837,0.000059,0.022210,0.012410,0.000736,0.000002,0.000033,0.000076,0.000239,0.011578,0.000002,0.018377,0.000301,0.000004,0.000178,0.419273,0.000265,0.003014,0.157641,0.000008
0.001135,0.000000,0.006328,0.000219,0.000002,0.000001,0.000137,0.000008,0.000080,0.000011,0.000073,0.000006,0.449487,0.000037,0.000045,0.000002,0.000005,0.000001,0.479484,0.000001,0.002860,0.010785,0.002189,0.000002,0.000001,0.000004,0.000132,0.002752,0.000001,0.003333,0.000053,0.000004,0.000009,0.038484,0.000019,0.001385,0.000927,0.000001
0.000206,0.000071,0.013812,0.000306,0.000001,0.000021,0.000383,0.000018,0.000189,0.000258,0.000050,0.000145,0.205141,0.000080,0.416575,0.000027,0.000005,0.000012,0.223489,0.000001,0.001758,0.000210,0.120098,0.000155,0.000096,0.000009,0.000501,0.010904,0.000448,0.002815,0.000930,0.000009,0.000069,0.000607,0.000003,0.000430,0.000097,0.000070
0.000012,0.000001,0.000234,0.000003,0.000000,0.000001,0.000016,0.000002,0.000031,0.000010,0.000043,0.000002,0.746089,0.000015,0.003443,0.000000,0.000002,0.000000,0.175638,0.000000,0.003003,0.000178,0.036541,0.000004,0.000000,0.000001,0.000014,0.002307,0.000000,0.031704,0.000014,0.000010,0.000009,0.000462,0.000002,0.000195,0.000014,0.000001
0.000425,0.000001,0.001680,0.000556,0.000001,0.000002,0.000640,0.000062,0.000132,0.000009,0.000066,0.000018,0.636991,0.000070,0.001420,0.000004,0.000012,0.000003,0.337182,0.000009,0.002360,0.001015,0.002280,0.000001,0.000001,0.000012,0.000070,0.001709,0.000001,0.004777,0.000053,0.000000,0.000009,0.006692,0.000010,0.000218,0.001507,0.000001
