0.066494,0.000020,0.000035,0.000486,0.000000,0.000000,0.001200,0.000010,0.000225,0.000001,0.000477,0.000002,0.000046,0.000004,0.000010,0.000010,0.002487,0.000023,0.008989,0.000036,0.000981,0.002064,0.000031,0.000000,0.000425,0.000010,0.000012,0.000061,0.000000,0.001369,0.000016,0.000002,0.000116,0.367961,0.000069,0.000595,0.545730,0.000002
0.313458,0.000128,0.000054,0.008739,0.000000,0.000003,0.000378,0.000084,0.000748,0.000000,0.000399,0.000006,0.000136,0.000016,0.000498,0.000035,0.004930,0.000088,0.013800,0.000095,0.000723,0.007673,0.000164,0.000008,0.004295,0.000013,0.000032,0.000040,0.000001,0.002464,0.000124,0.000023,0.000201,0.008422,0.000357,0.000413,0.631441,0.000014
0.620998,0.001132,0.000072,0.010499,0.000061,0.000011,0.001809,0.000081,0.001153,0.000006,0.004655,0.000061,0.000206,0.000238,0.002256,0.000888,0.055542,0.000186,0.028272,0.003197,0.002110,0.035674,0.001511,0.000159,0.014232,0.000042,0.000766,0.000198,0.000003,0.011811,0.000278,0.000615,0.024154,0.031999,0.001677,0.001789,0.141558,0.000099
0.125107,0.000003,0.000000,0.000415,0.000000,0.000000,0.000000,0.000000,0.000009,0.000000,0.000002,0.000000,0.000001,0.000000,0.000000,0.007474,0.246810,0.000000,0.000000,0.611362,0.000001,0.000001,0.000047,0.000001,0.000004,0.000000,0.002089,0.000000,0.000000,0.000000,0.000003,0.003284,0.000000,0.003371,0.000012,0.000000,0.000000,0.000002
0.203571,0.000048,0.000004,0.035064,0.000024,0.000022,0.000010,0.000001,0.002684,0.000008,0.000115,0.000000,0.062158,0.000002,0.000126,0.003136,0.037509,0.000000,0.001232,0.025134,0.000265,0.002485,0.052310,0.000374,0.000484,0.000004,0.280942,0.001843,0.000004,0.000049,0.000494,0.023868,0.000015,0.264124,0.001691,0.000079,0.000102,0.000017
0.181440,0.104845,0.000015,0.004827,0.000008,0.000048,0.000166,0.000063,0.002967,0.000004,0.033910,0.000011,0.000002,0.001474,0.004427,0.000030,0.030118,0.000258,0.000933,0.002125,0.000146,0.556567,0.000037,0.008950,0.052084,0.000008,0.000243,0.000018,0.000018,0.000152,0.001624,0.000658,0.001037,0.001073,0.000251,0.007882,0.000512,0.001071
0.436820,0.015087,0.003184,0.034310,0.000023,0.000519,0.001979,0.003581,0.047607,0.000175,0.005765,0.000190,0.000115,0.005157,0.023707,0.000098,0.125667,0.004329,0.000852,0.055696,0.001005,0.043773,0.005599,0.003526,0.027697,0.000073,0.001142,0.000544,0.000034,0.000340,0.007774,0.050302,0.004784,0.050968,0.026428,0.001286,0.006204,0.003661
0.032217,0.020264,0.000085,0.003281,0.000026,0.000051,0.001643,0.006257,0.120587,0.000060,0.001333,0.000025,0.000012,0.000180,0.006784,0.000013,0.286857,0.005986,0.000085,0.218640,0.000080,0.002497,0.001722,0.001390,0.011453,0.000186,0.000087,0.001114,0.000007,0.000010,0.135769,0.044463,0.000156,0.019086,0.074508,0.002350,0.000162,0.000571
0.057967,0.011457,0.000137,0.000107,0.000516,0.000423,0.026584,0.001402,0.022529,0.000176,0.610422,0.000339,0.000057,0.001446,0.003625,0.000009,0.101100,0.001747,0.000048,0.007187,0.000087,0.024378,0.000033,0.005155,0.003264,0.000062,0.000040,0.000012,0.012178,0.000213,0.071010,0.000322,0.000101,0.011917,0.003399,0.016390,0.000046,0.004115
0.003818,0.001239,0.000002,0.000022,0.000004,0.000287,0.009482,0.000337,0.053288,0.000006,0.087457,0.000199,0.000011,0.000018,0.000265,0.000002,0.478418,0.000199,0.000024,0.000543,0.000055,0.023319,0.000045,0.066131,0.027666,0.000037,0.000040,0.000509,0.000225,0.000114,0.207565,0.000172,0.000011,0.000041,0.000005,0.022839,0.000077,0.015528
0.068816,0.056832,0.000026,0.000081,0.000019,0.000480,0.012995,0.000429,0.009295,0.000052,0.087209,0.000449,0.000016,0.000057,0.000630,0.000010,0.630711,0.001031,0.000024,0.001817,0.000077,0.016718,0.000030,0.020971,0.017512,0.000030,0.000035,0.000046,0.000629,0.000157,0.051043,0.000133,0.000120,0.000182,0.000078,0.008042,0.000384,0.012835
0.032965,0.226670,0.000004,0.000017,0.000341,0.000020,0.195136,0.000293,0.032558,0.000652,0.087197,0.000002,0.000006,0.000089,0.000067,0.000010,0.164463,0.000850,0.000117,0.000301,0.000117,0.016287,0.000009,0.001603,0.008608,0.000009,0.000067,0.000004,0.001078,0.000243,0.087832,0.000274,0.000061,0.019344,0.001233,0.084618,0.000013,0.036841
0.000956,0.000575,0.000000,0.000015,0.000000,0.000042,0.000379,0.000034,0.012776,0.000001,0.015548,0.000030,0.000000,0.000004,0.000038,0.000000,0.336478,0.000170,0.000000,0.000336,0.000002,0.018235,0.000002,0.006488,0.000443,0.000004,0.000000,0.000007,0.000011,0.000013,0.599081,0.000061,0.000000,0.000010,0.000000,0.001086,0.000019,0.007156
0.003348,0.004144,0.000002,0.000007,0.000002,0.000027,0.001733,0.000007,0.001591,0.000070,0.256361,0.000002,0.000004,0.000013,0.000034,0.000000,0.001322,0.000136,0.000007,0.000048,0.000002,0.004945,0.000000,0.000808,0.000015,0.000003,0.000001,0.000002,0.000673,0.000009,0.712070,0.000009,0.000001,0.000044,0.000004,0.003212,0.000003,0.009343
0.055518,0.129471,0.000045,0.000113,0.000010,0.000747,0.006158,0.000231,0.014239,0.000034,0.194383,0.000928,0.000009,0.000203,0.001461,0.000006,0.330340,0.003044,0.000031,0.005338,0.000059,0.022180,0.000063,0.030493,0.015205,0.000020,0.000009,0.000045,0.000206,0.000442,0.175406,0.000122,0.000130,0.000095,0.000064,0.007688,0.000470,0.004996
0.039725,0.178532,0.000047,0.000201,0.000018,0.000101,0.006314,0.000383,0.020870,0.000047,0.087512,0.000587,0.000012,0.000091,0.000712,0.000002,0.566544,0.003500,0.000014,0.002743,0.000049,0.013712,0.000029,0.005693,0.004987,0.000011,0.000009,0.000046,0.000135,0.000223,0.045535,0.000108,0.000233,0.000171,0.000163,0.006125,0.000330,0.014485
0.389558,0.000011,0.000016,0.030284,0.000810,0.000002,0.000023,0.000002,0.001429,0.000034,0.000138,0.000001,0.000368,0.000053,0.000014,0.001300,0.003118,0.000002,0.000044,0.000107,0.000311,0.000146,0.003103,0.000038,0.000022,0.000013,0.349278,0.001668,0.000016,0.000007,0.000569,0.212560,0.000017,0.003531,0.000049,0.001318,0.000017,0.000024
0.016897,0.011626,0.000002,0.000005,0.084409,0.000004,0.195730,0.000335,0.021144,0.007459,0.013811,0.000002,0.000009,0.000003,0.000102,0.000004,0.579374,0.000670,0.000041,0.000142,0.003115,0.000150,0.000007,0.000091,0.000152,0.000005,0.000007,0.000005,0.001564,0.003286,0.026217,0.001674,0.000282,0.019049,0.001306,0.005425,0.000005,0.005893
0.235154,0.000021,0.000000,0.007280,0.000178,0.000000,0.000016,0.000001,0.000031,0.000000,0.000001,0.000000,0.000000,0.000000,0.000000,0.003241,0.001584,0.000004,0.000001,0.000023,0.000109,0.000007,0.000014,0.000001,0.000062,0.000000,0.000410,0.000014,0.000000,0.000000,0.000058,0.751189,0.000000,0.000253,0.000064,0.000071,0.000007,0.000205
0.049698,0.149949,0.000001,0.000075,0.031901,0.000002,0.082008,0.004788,0.007340,0.001841,0.010734,0.000057,0.000001,0.000112,0.000039,0.000002,0.377722,0.013029,0.000021,0.001999,0.001301,0.004525,0.000045,0.000038,0.000526,0.000037,0.000001,0.000056,0.000013,0.034011,0.145046,0.002725,0.001380,0.001556,0.001213,0.002008,0.000016,0.074185
0.010710,0.000827,0.000001,0.000008,0.005291,0.000034,0.006462,0.000059,0.003735,0.000472,0.365474,0.000006,0.000017,0.000016,0.000491,0.000004,0.524131,0.000204,0.000070,0.000587,0.000700,0.000427,0.000019,0.004021,0.000047,0.000002,0.000010,0.000006,0.000416,0.001019,0.062678,0.000532,0.000024,0.000282,0.000319,0.001279,0.000007,0.009612
0.004902,0.024672,0.000000,0.000025,0.000854,0.000001,0.001893,0.002307,0.001489,0.000039,0.002176,0.000386,0.000000,0.000297,0.000044,0.000001,0.625466,0.007600,0.000000,0.038372,0.000723,0.000937,0.000022,0.000010,0.000353,0.000012,0.000000,0.000107,0.000000,0.014310,0.250074,0.002671,0.000184,0.000292,0.000378,0.000090,0.000003,0.019311
0.003559,0.000214,0.000008,0.000007,0.021143,0.000071,0.040475,0.004370,0.015346,0.001137,0.138371,0.000070,0.000020,0.000452,0.002974,0.000002,0.697132,0.000451,0.000017,0.001970,0.005366,0.001214,0.000057,0.000323,0.000041,0.000011,0.000003,0.000004,0.000465,0.015445,0.039059,0.006996,0.000042,0.001138,0.000332,0.000803,0.000011,0.000901
0.001079,0.000049,0.000000,0.000001,0.022302,0.000001,0.006513,0.000822,0.001874,0.000042,0.034227,0.000017,0.000000,0.000007,0.000009,0.000000,0.928187,0.000151,0.000000,0.000632,0.000765,0.000034,0.000000,0.000009,0.000003,0.000000,0.000000,0.000000,0.000006,0.002150,0.000205,0.000285,0.000005,0.000078,0.000035,0.000031,0.000000,0.000477
0.086720,0.001233,0.000005,0.003533,0.000255,0.000076,0.000604,0.002598,0.000726,0.000002,0.741485,0.000043,0.000012,0.001625,0.000030,0.000008,0.015848,0.001207,0.000001,0.001279,0.000133,0.015463,0.000001,0.000111,0.002866,0.000019,0.000000,0.000001,0.000148,0.000076,0.002232,0.000105,0.000009,0.009848,0.000052,0.003077,0.000021,0.108547
