0.019418,0.000004,0.000008,0.000011,0.000327,0.000000,0.000017,0.000121,0.001563,0.000010,0.000157,0.000404,0.000080,0.000001,0.111087,0.000109,0.000068,0.000202,0.000069,0.000010,0.109552,0.000004,0.000093,0.000002,0.000521,0.000027,0.000000,0.000012,0.000034,0.003775,0.000019,0.002775,0.749371,0.000019,0.000011,0.000034,0.000014,0.000071
0.021181,0.000003,0.000031,0.000255,0.000075,0.000012,0.000321,0.000170,0.000420,0.000001,0.016476,0.014632,0.002581,0.769435,0.022130,0.000546,0.015689,0.000044,0.000005,0.022186,0.019431,0.000107,0.001673,0.000001,0.000049,0.019565,0.000000,0.000714,0.000001,0.070938,0.000200,0.000290,0.000104,0.000679,0.000031,0.000000,0.000009,0.000011
0.001626,0.000000,0.000000,0.000000,0.000002,0.000000,0.000000,0.000002,0.000075,0.000000,0.000005,0.000037,0.000002,0.000000,0.000133,0.000006,0.000002,0.000018,0.000003,0.000000,0.002563,0.000000,0.000011,0.000000,0.000013,0.000000,0.000000,0.000001,0.000000,0.000040,0.000000,0.000098,0.995354,0.000000,0.000000,0.000000,0.000001,0.000003
0.000309,0.000000,0.000001,0.000006,0.000007,0.000000,0.000001,0.000003,0.000354,0.000000,0.000004,0.000372,0.000002,0.000000,0.000017,0.000005,0.000002,0.000123,0.000002,0.000000,0.000724,0.000000,0.000022,0.000000,0.000039,0.000001,0.000000,0.000043,0.000001,0.000047,0.000001,0.000254,0.997638,0.000000,0.000001,0.000000,0.000006,0.000014
0.021100,0.004229,0.000015,0.075737,0.000397,0.000007,0.000027,0.000182,0.000147,0.000013,0.000067,0.000001,0.000000,0.000001,0.000090,0.000027,0.000203,0.117707,0.045139,0.000000,0.000382,0.000023,0.000000,0.000312,0.040079,0.008570,0.000009,0.000002,0.000011,0.000093,0.002544,0.663146,0.000073,0.000896,0.000931,0.012205,0.000333,0.005302
0.011650,0.000153,0.000013,0.060614,0.254251,0.029150,0.000031,0.000882,0.009142,0.000117,0.028213,0.010499,0.000398,0.001412,0.004164,0.185184,0.015425,0.002366,0.002932,0.001430,0.091333,0.001258,0.000067,0.000693,0.038284,0.009287,0.000030,0.000267,0.000109,0.009394,0.170724,0.049788,0.000306,0.005530,0.000339,0.001914,0.000312,0.002342
0.003189,0.000000,0.000001,0.000002,0.000035,0.000000,0.000002,0.000073,0.000393,0.000001,0.000037,0.000294,0.000006,0.000000,0.005810,0.000036,0.000004,0.000057,0.000006,0.000001,0.031789,0.000000,0.000017,0.000000,0.000039,0.000004,0.000000,0.000017,0.000001,0.000560,0.000001,0.000892,0.956718,0.000001,0.000001,0.000002,0.000003,0.000008
0.647205,0.000040,0.000010,0.000041,0.000469,0.000025,0.000117,0.002565,0.000673,0.000034,0.062997,0.000240,0.001246,0.033676,0.072943,0.001787,0.000723,0.000073,0.000065,0.000208,0.129411,0.000517,0.001733,0.000005,0.007838,0.001357,0.000004,0.000033,0.000005,0.016695,0.000189,0.007652,0.007728,0.001051,0.000317,0.000048,0.000040,0.000239
0.029186,0.000012,0.000159,0.000118,0.002400,0.000030,0.000343,0.013877,0.004115,0.000100,0.013752,0.013583,0.000494,0.005746,0.073655,0.000952,0.000369,0.001244,0.000197,0.003487,0.397306,0.000125,0.002171,0.000014,0.000444,0.003360,0.000005,0.002743,0.000018,0.126888,0.000283,0.110406,0.191744,0.000312,0.000062,0.000101,0.000102,0.000098
0.001414,0.001511,0.000000,0.000345,0.002608,0.000006,0.000012,0.007701,0.052182,0.000009,0.008817,0.002238,0.000029,0.100141,0.000033,0.380288,0.000027,0.000449,0.019999,0.000004,0.161112,0.075533,0.000016,0.005039,0.014485,0.113106,0.000003,0.000056,0.000000,0.009794,0.039870,0.002908,0.000031,0.000003,0.000006,0.000082,0.000061,0.000081
0.047626,0.000820,0.000003,0.000743,0.570904,0.000012,0.000007,0.007137,0.013262,0.000014,0.002214,0.000293,0.000001,0.000225,0.000026,0.018719,0.000297,0.016848,0.253384,0.000000,0.025587,0.002955,0.000001,0.001762,0.010099,0.013033,0.000001,0.000002,0.000000,0.000659,0.007190,0.002706,0.000126,0.000012,0.000090,0.002930,0.000238,0.000074
0.004007,0.000001,0.000003,0.000032,0.000015,0.000000,0.000004,0.001089,0.002980,0.000028,0.002075,0.000685,0.000005,0.000003,0.000236,0.000056,0.000016,0.001131,0.000045,0.000002,0.021332,0.000007,0.000091,0.000001,0.001873,0.000022,0.000000,0.000007,0.000001,0.002319,0.000034,0.115308,0.846006,0.000135,0.000015,0.000045,0.000041,0.000349
0.027817,0.000000,0.000000,0.000001,0.000020,0.000000,0.000001,0.000094,0.001886,0.000003,0.000285,0.000011,0.000001,0.000000,0.000092,0.000006,0.000008,0.000203,0.000023,0.000000,0.001190,0.000000,0.000005,0.000000,0.000276,0.000003,0.000000,0.000000,0.000000,0.000021,0.000002,0.009260,0.958502,0.000012,0.000006,0.000017,0.000006,0.000248
0.029137,0.000937,0.001017,0.021233,0.053288,0.019099,0.017688,0.037129,0.050407,0.086852,0.214848,0.002818,0.000342,0.016102,0.001777,0.000531,0.000997,0.156440,0.000904,0.004021,0.019099,0.000873,0.000318,0.000070,0.001599,0.025456,0.000040,0.000926,0.007612,0.009954,0.015849,0.179316,0.001717,0.008671,0.001137,0.007473,0.000859,0.003467
0.028178,0.000003,0.000019,0.000053,0.000140,0.000020,0.000071,0.004390,0.003926,0.000002,0.113446,0.001315,0.000607,0.000016,0.308434,0.000036,0.000140,0.000247,0.000110,0.000005,0.348291,0.000237,0.011666,0.000001,0.055064,0.000887,0.000001,0.000035,0.000164,0.005846,0.001722,0.035764,0.072953,0.001713,0.000009,0.000324,0.000285,0.003880
