0.007134,0.000041,0.000024,0.000038,0.000256,0.000070,0.000351,0.000129,0.008948,0.020687,0.002593,0.000006,0.000162,0.000013,0.000167,0.000011,0.000051,0.000092,0.000214,0.000020,0.000192,0.000009,0.000005,0.000008,0.000045,0.000230,0.000096,0.000008,0.727913,0.000016,0.002701,0.002848,0.000018,0.060215,0.000144,0.162605,0.000013,0.001928
0.079379,0.001012,0.000021,0.000011,0.004187,0.000022,0.004637,0.000068,0.049752,0.422964,0.036624,0.000016,0.000074,0.000067,0.000224,0.000111,0.001195,0.000130,0.001573,0.000092,0.011015,0.000313,0.000033,0.000094,0.000222,0.000084,0.001928,0.000018,0.008017,0.000332,0.003899,0.024242,0.000053,0.083400,0.001101,0.247488,0.000024,0.015578
0.000072,0.000001,0.000000,0.000000,0.000004,0.000000,0.000002,0.000000,0.000016,0.000176,0.000002,0.000000,0.000002,0.000000,0.000000,0.000000,0.000000,0.000000,0.000000,0.000000,0.000002,0.000000,0.000000,0.000000,0.000000,0.000000,0.000000,0.000000,0.995077,0.000000,0.000001,0.000004,0.000000,0.001916,0.000001,0.002723,0.000000,0.000002
0.105721,0.001201,0.000200,0.000386,0.000536,0.000157,0.005594,0.000710,0.109874,0.232158,0.163632,0.000367,0.000105,0.002395,0.001366,0.000206,0.000987,0.001505,0.002381,0.000144,0.005616,0.003062,0.000025,0.000145,0.001315,0.015843,0.000465,0.000061,0.006952,0.001097,0.037853,0.180168,0.000507,0.058798,0.000259,0.035558,0.000101,0.022548
0.101785,0.000332,0.000002,0.000171,0.000754,0.000002,0.000124,0.000018,0.004588,0.000330,0.012928,0.000001,0.000006,0.000004,0.000007,0.000018,0.000628,0.000036,0.000043,0.000001,0.000598,0.000127,0.000000,0.000003,0.001388,0.000317,0.000013,0.000006,0.057781,0.000016,0.001128,0.001610,0.000008,0.060784,0.000025,0.750326,0.000009,0.004081
0.003440,0.000009,0.000001,0.000000,0.000020,0.000001,0.000039,0.000002,0.000682,0.944127,0.000095,0.000000,0.000029,0.000001,0.000003,0.000002,0.000000,0.000005,0.000032,0.000001,0.000060,0.000001,0.000002,0.000000,0.000005,0.000003,0.000026,0.000002,0.029204,0.000003,0.000067,0.000320,0.000007,0.007880,0.000061,0.013582,0.000001,0.000285
0.012734,0.000336,0.000001,0.000047,0.000474,0.000001,0.000016,0.000019,0.001630,0.000303,0.000502,0.000007,0.000002,0.000001,0.000005,0.000189,0.001175,0.000246,0.000847,0.000002,0.000769,0.000027,0.000001,0.000027,0.001853,0.000055,0.000032,0.000002,0.001898,0.000132,0.001721,0.003445,0.000018,0.008495,0.000043,0.956681,0.000012,0.006253
0.000150,0.000001,0.000000,0.000000,0.000001,0.000000,0.000003,0.000000,0.000022,0.000855,0.000000,0.000000,0.000001,0.000000,0.000000,0.000000,0.000000,0.000000,0.000001,0.000000,0.000000,0.000000,0.000000,0.000000,0.000001,0.000000,0.000000,0.000000,0.995849,0.000000,0.000000,0.000001,0.000000,0.002823,0.000016,0.000274,0.000000,0.000001
0.100885,0.000247,0.000002,0.000024,0.000671,0.000005,0.002284,0.000053,0.030518,0.717688,0.005820,0.000002,0.000016,0.000069,0.000023,0.000119,0.004811,0.000090,0.000114,0.000327,0.000070,0.004883,0.000030,0.000081,0.021636,0.000098,0.000940,0.000026,0.000178,0.000024,0.000856,0.006453,0.000004,0.066691,0.005161,0.011304,0.000010,0.017787
0.001845,0.000014,0.000000,0.000000,0.000025,0.000000,0.000025,0.000000,0.000110,0.001484,0.000032,0.000000,0.000264,0.000000,0.000007,0.000000,0.000003,0.000000,0.000048,0.000000,0.000034,0.000001,0.000001,0.000001,0.000001,0.000001,0.000007,0.000004,0.949659,0.000001,0.000012,0.000011,0.000001,0.035051,0.000029,0.011313,0.000000,0.000015
0.001363,0.000006,0.000001,0.000001,0.000043,0.000003,0.000058,0.000001,0.000316,0.554356,0.000026,0.000000,0.000065,0.000000,0.000001,0.000001,0.000001,0.000001,0.000004,0.000001,0.000004,0.000000,0.000002,0.000001,0.000021,0.000003,0.000022,0.000002,0.400996,0.000000,0.000021,0.000110,0.000001,0.024065,0.000415,0.018056,0.000000,0.000034
0.015885,0.000116,0.000001,0.000045,0.000153,0.000002,0.000103,0.000057,0.004428,0.000357,0.000255,0.000009,0.000025,0.000002,0.000005,0.000314,0.001571,0.000049,0.000123,0.000005,0.004168,0.000010,0.000006,0.000024,0.002946,0.000018,0.000263,0.000115,0.064630,0.000075,0.001898,0.007335,0.000011,0.043880,0.000031,0.845705,0.000021,0.005359
0.005782,0.000098,0.000000,0.000006,0.000840,0.000001,0.000024,0.000001,0.000736,0.059092,0.000008,0.000001,0.000177,0.000000,0.000023,0.000032,0.000139,0.000006,0.000208,0.000002,0.000043,0.000001,0.000013,0.000028,0.000486,0.000005,0.000031,0.000021,0.836207,0.000033,0.000055,0.000223,0.000010,0.026435,0.002320,0.066742,0.000001,0.000169
0.037596,0.000263,0.000008,0.000002,0.000830,0.000004,0.000292,0.000024,0.006769,0.067115,0.001349,0.000005,0.000424,0.000003,0.000130,0.000016,0.000117,0.000014,0.001586,0.000015,0.002340,0.000051,0.000005,0.000018,0.000035,0.000027,0.000403,0.000037,0.700076,0.000041,0.000466,0.000217,0.000064,0.082790,0.000436,0.094410,0.000009,0.002014
0.000631,0.000003,0.000002,0.000001,0.000008,0.000007,0.000122,0.000005,0.000619,0.900307,0.000189,0.000000,0.000021,0.000002,0.000002,0.000001,0.000001,0.000012,0.000007,0.000001,0.000015,0.000001,0.000005,0.000000,0.000006,0.000006,0.000024,0.000002,0.002320,0.000001,0.000499,0.004438,0.000001,0.048744,0.000032,0.041575,0.000002,0.000388
0.002251,0.000088,0.000001,0.000121,0.000024,0.000021,0.000027,0.000001,0.000032,0.000008,0.001053,0.000000,0.000001,0.000001,0.000005,0.000001,0.000001,0.000007,0.000005,0.000000,0.000073,0.000002,0.000000,0.000001,0.000593,0.000143,0.000002,0.000000,0.005462,0.000000,0.002080,0.001266,0.000001,0.028018,0.000004,0.958625,0.000001,0.000078
0.013676,0.000159,0.000000,0.000037,0.000159,0.000000,0.000013,0.000005,0.000925,0.001077,0.000095,0.000001,0.000007,0.000000,0.000003,0.000031,0.000763,0.000032,0.000251,0.000001,0.000095,0.000003,0.000000,0.000006,0.001233,0.000017,0.000036,0.000004,0.030386,0.000019,0.000104,0.000590,0.000009,0.057018,0.000203,0.891209,0.000003,0.001831
0.001894,0.000010,0.000001,0.000004,0.000062,0.000007,0.000039,0.000001,0.000210,0.000038,0.000903,0.000000,0.000128,0.000001,0.000024,0.000000,0.000021,0.000001,0.000008,0.000003,0.000103,0.000005,0.000001,0.000002,0.000015,0.000005,0.000003,0.000006,0.829309,0.000001,0.000163,0.000206,0.000000,0.036491,0.000007,0.129969,0.000001,0.000359
0.057180,0.000507,0.000018,0.000010,0.000199,0.000012,0.001197,0.000016,0.008655,0.125614,0.009353,0.000009,0.001070,0.000033,0.000342,0.000014,0.000326,0.000030,0.004715,0.000043,0.042948,0.000515,0.000042,0.000125,0.000060,0.000030,0.002640,0.000452,0.074469,0.000031,0.016972,0.001949,0.000053,0.038190,0.000121,0.574850,0.000026,0.037185
0.000388,0.000002,0.000000,0.000000,0.000055,0.000000,0.000029,0.000000,0.000379,0.025051,0.000003,0.000000,0.000036,0.000000,0.000002,0.000001,0.000002,0.000001,0.000006,0.000001,0.000012,0.000000,0.000000,0.000001,0.000006,0.000001,0.000002,0.000003,0.968364,0.000000,0.000002,0.000007,0.000001,0.005056,0.000171,0.000404,0.000000,0.000016
0.038646,0.000472,0.000016,0.000206,0.000981,0.000039,0.000287,0.000051,0.034168,0.003881,0.019054,0.000019,0.000079,0.000083,0.000033,0.000456,0.006757,0.000103,0.000783,0.000029,0.002607,0.001097,0.000019,0.000244,0.001397,0.000173,0.018300,0.000147,0.000527,0.000243,0.007804,0.036008,0.000035,0.055781,0.000331,0.730504,0.000087,0.038554
0.011000,0.000092,0.000000,0.000007,0.000439,0.000000,0.000003,0.000009,0.002221,0.000043,0.000785,0.000001,0.000001,0.000001,0.000001,0.000013,0.001195,0.000043,0.000045,0.000000,0.000577,0.000022,0.000000,0.000002,0.001206,0.000034,0.000010,0.000002,0.000754,0.000019,0.000712,0.000883,0.000003,0.005454,0.000012,0.971764,0.000003,0.002643
0.004694,0.000078,0.000001,0.000224,0.000135,0.000004,0.003131,0.000177,0.000805,0.001225,0.004155,0.000000,0.000000,0.000001,0.000000,0.000000,0.000002,0.000409,0.000000,0.000000,0.000017,0.000004,0.000000,0.000000,0.002652,0.000020,0.000000,0.000000,0.000435,0.000000,0.000272,0.005538,0.000000,0.707914,0.000005,0.251451,0.000001,0.016645
0.034554,0.000122,0.000003,0.000048,0.000086,0.000002,0.002848,0.000041,0.018096,0.055736,0.000893,0.000001,0.000007,0.000001,0.000005,0.000153,0.001746,0.000109,0.000104,0.000012,0.000270,0.000021,0.000001,0.000006,0.001949,0.000011,0.000656,0.000002,0.003541,0.000016,0.000962,0.002300,0.000010,0.502123,0.000955,0.359262,0.000009,0.013344
